0.50272
0.5977
-0.48613
0.39205
-0.0024712
0.00075889
-0.0030778
0.00015911
0.04065
-0.0087352
-0.44081
0.11667
-0.65098
17.481
22.622
3.5601
0.50267
0.59697
-0.48814
0.39074
-0.0024714
0.00075572
-0.0030803
-0.0061862
0.026203
0.002407
-0.44081
0.11667
-0.65098
17.482
22.617
3.5596
0.50285
0.59513
-0.49042
0.39045
-0.0024729
0.000738
-0.0030974
0.0021089
0.011083
0.00215
-0.44081
0.11667
-0.65098
17.484
22.614
3.5601
0.50388
0.59337
-0.49165
0.39026
-0.0024779
0.00068094
-0.0031384
0.011231
-0.0016225
0.0026158
-0.44082
0.11666
-0.65097
17.483
22.613
3.5603
0.50383
0.5936
-0.493
0.38827
-0.0024841
0.00053345
-0.0032057
0.028209
-0.0089101
-0.0036175
-0.44082
0.11666
-0.65096
17.479
22.614
3.5596
0.50434
0.5932
-0.49217
0.38925
-0.0024836
0.00030832
-0.0032829
0.04005
-0.016463
0.00037331
-0.44083
0.11665
-0.65094
17.473
22.615
3.5595
0.50403
0.59412
-0.49299
0.38722
-0.0024726
8.7327e-05
-0.0033477
0.063221
-0.031783
-0.0090788
-0.44084
0.11665
-0.65092
17.465
22.618
3.5588
0.50475
0.59566
-0.49024
0.38741
-0.0024615
-0.00010149
-0.0033836
0.10261
-0.049623
-0.010862
-0.44084
0.11666
-0.65088
17.45
22.623
3.5573
0.5032
0.59933
-0.49029
0.38368
-0.0024455
-0.00024242
-0.0033918
0.1736
-0.065078
-0.019758
-0.44085
0.11667
-0.65084
17.426
22.629
3.5548
0.49549
0.6047
-0.49275
0.38215
-0.0023943
-0.00034269
-0.0034006
0.28365
-0.046113
-0.044672
-0.44085
0.1167
-0.6508
17.388
22.634
3.5505
0.48197
0.61658
-0.49911
0.37205
-0.0022953
-0.00037039
-0.0034362
0.48615
0.042625
-0.030981
-0.44085
0.11674
-0.65075
17.322
22.625
3.5436
0.48031
0.61805
-0.50205
0.36779
-0.0021339
-0.00027237
-0.0035141
0.66941
0.10499
-0.097087
-0.44085
0.11679
-0.6507
17.233
22.6
3.5349
0.4782
0.61863
-0.50408
0.36678
-0.0018979
-1.4458e-05
-0.0036351
0.90312
0.20176
-0.075948
-0.44086
0.11685
-0.65065
17.104
22.557
3.5175
0.48292
0.60985
-0.50424
0.37499
-0.0016626
0.00040981
-0.0037908
1.0396
0.21536
0.069175
-0.44087
0.11691
-0.6506
16.941
22.498
3.5164
0.49369
0.60629
-0.49323
0.38132
-0.0014995
0.00083013
-0.003945
0.88774
0.1013
0.13235
-0.44089
0.11696
-0.65056
16.794
22.452
3.5368
0.49938
0.6091
-0.48441
0.38074
-0.0013572
0.0012097
-0.0040818
0.92349
0.057962
-0.038872
-0.44091
0.117
-0.65052
16.644
22.42
3.5455
0.49751
0.61126
-0.48897
0.37384
-0.001165
0.0014784
-0.0041815
1.0552
-0.056842
-0.15541
-0.44094
0.11705
-0.65048
16.476
22.395
3.5232
0.50228
0.60028
-0.48598
0.38885
-0.00095479
0.0016389
-0.0042341
1.2017
-0.19849
0.022425
-0.44095
0.1171
-0.65045
16.297
22.394
3.5099
0.51704
0.59757
-0.46866
0.39489
-0.00068054
0.001752
-0.0042575
1.1548
-0.1302
0.1539
-0.44096
0.11717
-0.65043
16.09
22.397
3.5302
0.53024
0.59688
-0.45451
0.39496
-0.00044238
0.0018527
-0.0042617
1.2261
-0.02821
-0.081536
-0.44095
0.11724
-0.65043
15.901
22.385
3.5388
0.52887
0.59846
-0.45394
0.39508
-0.00029877
0.0020484
-0.0042481
1.3654
0.091393
-0.2037
-0.44093
0.11733
-0.65043
15.684
22.351
3.5048
0.51749
0.59728
-0.45404
0.41148
-0.00021239
0.0022233
-0.0042542
1.2738
0.17866
0.14413
-0.4409
0.11743
-0.65046
15.461
22.296
3.5015
0.5057
0.61609
-0.45267
0.39973
-0.00019399
0.002262
-0.0043209
1.1644
0.2479
0.090783
-0.44087
0.11752
-0.65049
15.272
22.237
3.5277
0.47351
0.64369
-0.46768
0.37779
-0.00037414
0.002166
-0.0044544
1.1997
0.40802
-0.15133
-0.44083
0.11762
-0.65053
15.079
22.153
3.5192
0.40885
0.6685
-0.51631
0.34552
-0.00076634
0.0018958
-0.0046058
1.1045
0.55998
0.039827
-0.44079
0.1177
-0.65058
14.889
22.045
3.5034
0.33303
0.70535
-0.56174
0.27572
-0.0011148
0.0016194
-0.0047182
0.8968
0.79482
0.13437
-0.44074
0.11776
-0.65063
14.737
21.913
3.5194
0.26355
0.74244
-0.58011
0.20686
-0.0014072
0.0014178
-0.0047967
0.7233
0.97754
-0.12145
-0.4407
0.11782
-0.65068
14.619
21.74
3.5219
0.18988
0.76326
-0.59831
0.15299
-0.0016149
0.001292
-0.0048291
0.59539
1.0576
-0.1446
-0.44067
0.11787
-0.65072
14.537
21.561
3.495
0.13543
0.7742
-0.60846
0.10976
-0.0017829
0.0011794
-0.0048023
0.56128
1.0716
0.082633
-0.44068
0.11792
-0.65075
14.465
21.362
3.4897
0.11428
0.7822
-0.60687
0.082567
-0.0019253
0.0010627
-0.0047165
0.57388
1.0002
-0.0017866
-0.44072
0.11796
-0.65076
14.391
21.175
3.5042
0.10439
0.78783
-0.60352
0.064698
-0.0019772
0.00094483
-0.0046122
0.63971
1.1199
-0.18534
-0.44079
0.11799
-0.65076
14.317
20.993
3.4847
0.076172
0.77628
-0.6248
0.034828
-0.0019277
0.00078315
-0.0045152
0.66647
1.1663
0.034436
-0.44091
0.11802
-0.65074
14.231
20.782
3.4655
0.047453
0.78512
-0.61752
0.0014042
-0.0018255
0.00059353
-0.0044397
0.45121
1.1949
0.18402
-0.44106
0.11806
-0.65071
14.16
20.566
3.4891
-0.043462
-0.79698
0.60244
0.0017703
-0.0016602
0.00040658
-0.0043868
0.33239
1.2448
-0.079411
-0.44123
0.11809
-0.65066
14.125
20.364
3.5003
-0.013386
-0.78869
0.61383
0.031534
-0.0014695
0.00021913
-0.0043404
0.25145
1.3369
-0.099054
-0.44144
0.11812
-0.6506
14.105
20.139
3.4767
-0.0066105
-0.78788
0.61517
0.027806
-0.0013444
8.9833e-05
-0.004281
0.25755
1.2899
0.18678
-0.44166
0.11816
-0.65054
14.095
19.923
3.4857
-0.011989
-0.79013
0.61281
0.004315
-0.0011637
9.2694e-06
-0.004194
0.29236
1.2857
-0.0045059
-0.4419
0.11819
-0.65049
14.077
19.701
3.5094
0.017272
0.78806
-0.61535
0.0016679
-0.00090629
-7.2434e-05
-0.0040882
0.32547
1.3933
-0.18056
-0.44215
0.11823
-0.65045
14.055
19.469
3.4852
-0.0056411
-0.77702
0.62929
0.014389
-0.00065533
-0.0001405
-0.0039548
0.3444
1.3989
0.10852
-0.44238
0.11826
-0.65044
14.029
19.238
3.4757
-0.0007956
-0.77932
0.62649
0.013045
-0.00043818
-0.00016529
-0.0037562
0.23457
1.3727
0.12652
-0.44262
0.11829
-0.65044
14.01
19
3.5065
-0.0043979
-0.78711
0.61662
0.014837
-0.000357
-0.00020536
-0.0035166
0.19484
1.4268
-0.21072
-0.44285
0.11831
-0.65046
14.006
18.76
3.4983
0.0055961
-0.77812
0.62741
0.029286
-0.00032386
-0.00024824
-0.0033192
0.18329
1.5011
-0.04768
-0.44304
0.11833
-0.6505
14.007
18.522
3.4696
-0.011366
-0.7856
0.61846
0.01484
-0.00017686
-0.00028883
-0.0032011
0.28901
1.4225
0.17795
-0.44323
0.11835
-0.65056
13.999
18.269
3.4885
0.027641
0.79052
-0.6117
0.011482
-8.7664e-05
-0.0002649
-0.0031275
0.34503
1.4631
-0.16563
-0.44339
0.11837
-0.65063
13.978
18.037
3.4916
-0.027335
-0.7877
0.61544
0.002028
-0.00021428
-8.1193e-05
-0.0030454
0.38594
1.4962
-0.074146
-0.44355
0.1184
-0.65072
13.948
17.777
3.4632
-0.016775
-0.78327
0.62137
0.010327
-0.00038615
0.00011809
-0.0030157
0.29591
1.4044
0.23341
-0.44369
0.11844
-0.65082
13.921
17.522
3.4794
0.014738
0.7906
-0.61215
0.0037026
-0.00060699
0.00020974
-0.0030555
0.17437
1.3782
0.060426
-0.44382
0.11847
-0.65092
13.914
17.299
3.5095
-0.0036158
-0.7866
0.61737
0.0099527
-0.00088025
0.00017064
-0.0031753
0.16502
1.4505
-0.13706
-0.44393
0.11852
-0.65104
13.918
17.055
3.4939
0.0042276
-0.77741
0.62827
0.029878
-0.0011071
2.481e-05
-0.0033568
0.1795
1.4401
0.12434
-0.44401
0.11856
-0.65117
13.921
16.806
3.4906
-0.011799
-0.78737
0.61635
0.0044579
-0.0013002
-0.00010709
-0.003537
0.23151
1.3485
0.11475
-0.44407
0.11861
-0.65131
13.916
16.581
3.518
-0.014319
-0.78925
0.61388
0.0044378
-0.0015363
-0.00014568
-0.0036737
0.28476
1.3919
-0.15077
-0.44412
0.11868
-0.65147
13.904
16.345
3.5114
0.0074252
-0.77768
0.62821
0.022621
-0.001743
-2.9009e-05
-0.0037159
0.3184
1.4006
0.038286
-0.44417
0.11874
-0.65165
13.884
16.116
3.4974
0.013977
-0.78127
0.62362
0.023039
-0.0019686
0.00013593
-0.0036802
0.23435
1.303
0.17883
-0.44422
0.11881
-0.65186
13.865
15.879
3.523
0.025114
-0.78974
0.61194
0.034713
-0.0022704
0.00026664
-0.0035712
0.1018
1.3377
-0.082012
-0.44429
0.11888
-0.65211
13.868
15.652
3.5325
0.034417
-0.77891
0.62462
0.04423
-0.0025082
0.00040793
-0.0034384
0.032206
1.372
-0.098344
-0.44437
0.11894
-0.65237
13.885
15.437
3.511
0.041636
-0.77076
0.63419
0.044664
-0.0025969
0.00053522
-0.0033199
0.028068
1.3497
0.16452
-0.44447
0.119
-0.65267
13.913
15.205
3.5178
0.039586
-0.77848
0.62587
0.026275
-0.0025898
0.00061743
-0.0032171
0.043201
1.2835
0.009382
-0.44459
0.11905
-0.65299
13.936
14.984
3.539
0.047226
-0.77881
0.62425
0.039104
-0.0025445
0.00067594
-0.0031456
0.072553
1.3273
-0.1969
-0.44472
0.11909
-0.65329
13.956
14.775
3.5194
0.060067
-0.77165
0.63051
0.058444
-0.0025162
0.00067984
-0.0031142
0.057937
1.342
0.059767
-0.44488
0.11911
-0.65362
13.971
14.547
3.5039
0.069787
-0.77726
0.6221
0.063132
-0.0024685
0.00059782
-0.0031276
-0.10096
1.2292
0.15351
-0.44506
0.11911
-0.65392
14.001
14.343
3.5278
0.094133
-0.78283
0.61007
0.078324
-0.0023719
0.00051707
-0.0031437
-0.2003
1.2389
-0.12857
-0.44528
0.11909
-0.65423
14.057
14.138
3.5318
0.096555
-0.77953
0.61295
0.085475
-0.0023893
0.00050658
-0.0031302
-0.22963
1.2909
-0.082344
-0.44553
0.11906
-0.65452
14.123
13.931
3.5061
0.092437
-0.78026
0.61112
0.09585
-0.0025078
0.0004973
-0.003128
-0.15236
1.2971
0.14068
-0.44579
0.11902
-0.65476
14.181
13.727
3.5123
0.067651
-0.78729
0.60857
0.072409
-0.0025845
0.00046495
-0.0031872
-0.06639
1.2625
-0.034321
-0.4461
0.11897
-0.655
14.225
13.518
3.528
0.04596
-0.77957
0.6213
0.064384
-0.0025524
0.00038196
-0.003325
-0.034744
1.332
-0.23274
-0.44642
0.11892
-0.6552
14.262
13.302
3.4959
0.060093
-0.77245
0.62571
0.090556
-0.0024769
0.00030454
-0.0034484
-0.002961
1.3571
0.11073
-0.44673
0.11889
-0.65537
14.289
13.088
3.4837
0.073069
-0.77659
0.62084
0.078311
-0.0023662
0.00029215
-0.0034969
-0.12441
1.2132
0.15554
-0.44705
0.11887
-0.65554
14.329
12.876
3.5169
0.084989
-0.77718
0.61695
0.090249
-0.0022097
0.00026929
-0.0034705
-0.15596
1.2275
-0.086626
-0.44734
0.11886
-0.65569
14.377
12.685
3.5217
0.089743
-0.76365
0.63224
0.095217
-0.001968
0.00020293
-0.0033995
-0.17696
1.2633
-0.022137
-0.44761
0.11887
-0.65586
14.433
12.479
3.5054
0.082221
-0.76591
0.63139
0.089302
-0.0016422
8.2965e-05
-0.0033269
-0.048463
1.2128
0.14187
-0.44784
0.11891
-0.65603
14.482
12.271
3.5194
0.069819
-0.78016
0.61869
0.060865
-0.0013026
-2.9217e-05
-0.0032284
0.015393
1.2125
-0.092074
-0.44802
0.11898
-0.65619
14.509
12.081
3.5278
0.070271
-0.7783
0.62063
0.064261
-0.0013262
-5.0006e-05
-0.0030728
0.075319
1.3166
-0.14411
-0.44815
0.11907
-0.65638
14.53
11.868
3.4992
0.066562
-0.77208
0.62736
0.076718
-0.0013435
4.6498e-05
-0.0029629
0.090374
1.27
0.12932
-0.44823
0.11918
-0.65657
14.541
11.645
3.4991
0.081041
-0.77481
0.62094
0.086787
-0.0012856
0.00016088
-0.0028898
0.0014064
1.1889
0.10816
-0.44827
0.11929
-0.65677
14.56
11.449
3.5225
0.0797
-0.7762
0.61985
0.083405
-0.0011522
0.00025674
-0.0027941
0.0061367
1.1871
-0.11962
-0.44827
0.11942
-0.65699
14.586
11.25
3.5213
0.066528
-0.76658
0.63455
0.072626
-0.0010718
0.00038805
-0.0026913
0.019539
1.2171
0.0095655
-0.44822
0.11955
-0.65722
14.608
11.059
3.5064
0.044556
-0.76592
0.63926
0.052156
-0.0010129
0.00049285
-0.0025912
0.12691
1.142
0.16862
-0.44813
0.11969
-0.65748
14.623
10.859
3.5255
0.037328
-0.77537
0.62722
0.063196
-0.00087098
0.00050668
-0.0025179
0.20811
1.1583
-0.064794
-0.44801
0.11984
-0.65775
14.618
10.663
3.536
0.034127
-0.76992
0.63514
0.051603
-0.00073986
0.00051426
-0.0024416
0.32154
1.203
-0.095007
-0.44786
0.11999
-0.65802
14.603
10.473
3.5164
0.0203
-0.76521
0.64148
0.050425
-0.00062686
0.00052465
-0.0023626
0.39701
1.2402
0.13443
-0.44768
0.12016
-0.65831
14.565
10.259
3.5197
0.011696
-0.76893
0.63817
0.036683
-0.00053248
0.00054516
-0.0023007
0.33181
1.1639
0.12909
-0.44748
0.12033
-0.6586
14.53
10.049
3.5469
-0.003251
-0.76751
0.64058
0.024108
-0.00053568
0.00055474
-0.0021905
0.32255
1.136
-0.057484
-0.44727
0.1205
-0.65887
14.502
9.8622
3.553
-0.023639
-0.75444
0.65594
0.00050084
-0.00057096
0.0004631
-0.0020289
0.32517
1.135
-0.020092
-0.44705
0.12068
-0.65915
14.474
9.6661
3.5413
0.064515
0.75508
-0.65179
0.029532
-0.00064357
0.00030891
-0.0018377
0.41939
1.0295
0.099085
-0.44685
0.12086
-0.6594
14.438
9.4868
3.5499
0.095759
0.76545
-0.63455
0.047545
-0.00088802
0.00017081
-0.001616
0.55086
0.96576
-0.056428
-0.44664
0.12104
-0.65966
14.378
9.3096
3.5556
0.12127
0.75561
-0.63959
0.072596
-0.0010046
5.485e-05
-0.0014386
0.71836
0.96382
-0.14528
-0.44644
0.12123
-0.6599
14.294
9.1373
3.5335
0.14858
0.74651
-0.64247
0.088797
-0.0010713
-7.4159e-05
-0.001296
0.82261
0.93937
0.096298
-0.44627
0.1214
-0.6601
14.19
8.972
3.5274
0.18317
0.74248
-0.63491
0.10984
-0.0010562
-0.00020347
-0.0011887
0.79876
0.86025
0.048734
-0.44611
0.12157
-0.6603
14.072
8.8067
3.5477
0.22969
0.73969
-0.61412
0.15152
-0.00080939
-0.00031692
-0.0011909
0.8955
0.75223
-0.17261
-0.44598
0.12175
-0.66046
13.949
8.6527
3.5354
0.28251
0.71353
-0.60798
0.20353
-0.00031645
-0.00038105
-0.0012997
0.92912
0.68575
-0.05156
-0.44587
0.1219
-0.66059
13.822
8.5245
3.5109
0.3554
0.6844
-0.58487
0.25143
-0.00041827
-0.00037606
-0.0014909
0.94929
0.52855
0.11449
-0.44578
0.12206
-0.6607
13.68
8.4056
3.5209
0.41504
0.66455
-0.54827
0.29243
-0.00071756
-0.00033466
-0.0016998
1.0787
0.44004
-0.079607
-0.44573
0.12219
-0.66078
13.53
8.3112
3.5274
0.45052
0.6341
-0.52648
0.34317
-0.0012146
-0.00029283
-0.0019143
1.216
0.42771
-0.10673
-0.44569
0.12229
-0.66085
13.351
8.2141
3.505
0.46316
0.61925
-0.50775
0.37974
-0.0015155
-0.00029208
-0.0020992
1.236
0.41698
0.15394
-0.44568
0.12236
-0.6609
13.152
8.1164
3.5121
0.47663
0.61693
-0.50628
0.36864
-0.0017202
-0.00034345
-0.0022096
1.1607
0.41801
0.093689
-0.4457
0.12241
-0.66095
12.971
8.0262
3.5359
0.48835
0.5974
-0.50777
0.38314
-0.0018867
-0.00043219
-0.0023263
1.1546
0.39833
-0.089474
-0.44573
0.12244
-0.661
12.786
7.9303
3.5333
0.49975
0.57484
-0.50709
0.40332
-0.0017941
-0.00050942
-0.0025254
1.1716
0.37784
0.0077109
-0.44579
0.12246
-0.66105
12.601
7.8422
3.5231
0.52267
0.57435
-0.48266
0.40495
-0.001608
-0.00059848
-0.0027255
1.182
0.34333
0.054838
-0.44587
0.12248
-0.66111
12.422
7.761
3.5313
0.527
0.58182
-0.46905
0.40466
-0.0016503
-0.00068892
-0.0028883
1.2296
0.27635
-0.19407
-0.44597
0.12249
-0.66118
12.226
7.6816
3.5197
0.51818
0.57737
-0.47549
0.41477
-0.0018475
-0.00070113
-0.0030307
1.3593
0.1799
-0.076437
-0.44608
0.12251
-0.66125
12.025
7.6176
3.4933
0.52407
0.57717
-0.4819
0.4
-0.0020556
-0.00076555
-0.0031625
1.3687
0.2092
0.14647
-0.44621
0.12252
-0.66134
11.795
7.5603
3.5034
0.51944
0.57978
-0.48744
0.39552
-0.0022702
-0.00095525
-0.0032163
1.3655
0.2596
0.013244
-0.44635
0.12254
-0.66143
11.568
7.489
3.5203
0.50678
0.57722
-0.49911
0.40108
-0.0025276
-0.0010807
-0.0031883
1.3079
0.29223
-0.098012
-0.44649
0.12257
-0.66152
11.363
7.4159
3.5092
0.51204
0.56969
-0.49769
0.40691
-0.0029014
-0.0010547
-0.003091
1.2416
0.25748
0.055609
-0.44663
0.12261
-0.66162
11.156
7.3413
3.5046
0.52044
0.58496
-0.48126
0.39415
-0.0034922
-0.00098006
-0.0029119
1.2264
0.24719
0.027945
-0.44678
0.12267
-0.66172
10.952
7.2726
3.5173
0.51202
0.58801
-0.48921
0.39084
-0.004041
-0.00092338
-0.0027273
1.323
0.18
-0.14206
-0.44693
0.12273
-0.6618
10.756
7.2108
3.5057
0.51157
0.586
-0.49675
0.38489
-0.0046027
-0.00090454
-0.0025987
1.4145
0.060818
0.06333
-0.44709
0.12281
-0.66186
10.523
7.1616
3.4946
0.51467
0.59015
-0.48713
0.38669
-0.0050485
-0.00090863
-0.0025272
1.3378
0.11971
0.13523
-0.44723
0.1229
-0.66191
10.307
7.1207
3.5154
0.51024
0.59893
-0.47791
0.39056
-0.005437
-0.00093423
-0.0024321
1.3364
0.19001
-0.057583
-0.44738
0.12301
-0.66194
10.086
7.0657
3.5244
0.50889
0.59151
-0.47787
0.40346
-0.0057127
-0.0010481
-0.0022917
1.3182
0.19574
-0.077053
-0.44753
0.12312
-0.66196
9.8673
7.0019
3.508
0.52798
0.57651
-0.45049
0.4312
-0.0058234
-0.0012318
-0.0021209
1.3094
0.10838
0.056924
-0.44765
0.12325
-0.66196
9.6644
6.9513
3.5079
0.53946
0.58291
-0.43975
0.41931
-0.005795
-0.0014578
-0.0018946
1.2803
0.066793
-0.053456
-0.44776
0.1234
-0.66194
9.4458
6.908
3.512
0.54663
0.565
-0.45589
0.4173
-0.0056533
-0.0017486
-0.0016533
1.3337
0.034948
-0.16256
-0.44785
0.12357
-0.66191
9.2291
6.8713
3.488
0.54685
0.54634
-0.45842
0.43854
-0.0055215
-0.0019684
-0.0014023
1.2981
-0.029684
0.09819
-0.4479
0.12375
-0.66186
9.022
6.8469
3.4839
0.55154
0.55558
-0.44136
0.43855
-0.0053941
-0.0019147
-0.0011148
1.2261
0.065647
0.090436
-0.44795
0.12396
-0.6618
8.81
6.8142
3.5031
0.54978
0.55718
-0.44327
0.4368
-0.0052738
-0.0015645
-0.00090835
1.1924
0.10981
-0.073119
-0.44799
0.12417
-0.66174
8.6216
6.7734
3.5042
0.54759
0.53711
-0.45046
0.45689
-0.0051883
-0.00097778
-0.00084088
1.1833
0.0885
0.04252
-0.44805
0.1244
-0.66169
8.4251
6.7304
3.4957
0.56165
0.53182
-0.45169
0.44464
-0.005187
-0.00025314
-0.00097963
1.1402
0.066983
0.099366
-0.44814
0.12464
-0.66166
8.2324
6.6933
3.5123
0.56457
0.54948
-0.43899
0.43199
-0.0051381
0.00034642
-0.0012133
1.1616
0.031475
-0.10311
-0.44826
0.12485
-0.66166
8.0476
6.6625
3.5131
0.55204
0.55202
-0.44805
0.43563
-0.0048271
0.00079426
-0.0014696
1.2256
-0.079136
-0.04813
-0.44844
0.12506
-0.66168
7.8452
6.6396
3.4953
0.54522
0.5508
-0.45916
0.43419
-0.0044158
0.0010241
-0.0016868
1.1634
-0.070501
0.14408
-0.44867
0.12527
-0.66174
7.6415
6.6275
3.506
0.54112
0.55381
-0.45848
0.43621
-0.0040162
0.0010395
-0.0018268
1.1039
-0.0038175
0.091532
-0.44895
0.12545
-0.66181
7.4602
6.6088
3.5274
0.5227
0.54949
-0.47768
0.44347
-0.0036229
0.0009716
-0.0019264
1.0509
0.034575
0.19392
-0.44931
0.12561
-0.6619
7.2812
6.581
3.5468
0.52266
0.52781
-0.49075
0.45542
-0.0031934
0.0008728
-0.0019911
0.94536
0.010666
0.41481
-0.44972
0.12573
-0.66199
7.1259
6.558
3.5973
0.53318
0.51321
-0.48337
0.46764
-0.002537
0.00080046
-0.0020624
0.77496
-0.058316
0.44016
-0.45023
0.12585
-0.66209
6.9843
6.5432
3.6734
0.53575
0.49083
-0.47487
0.49654
-0.0014985
0.00075334
-0.0021726
0.75145
-0.10172
0.26079
-0.45081
0.12595
-0.66219
6.8575
6.5389
3.7333
0.52515
0.48639
-0.47936
0.5078
-0.00058565
0.00078907
-0.002315
0.725
-0.13064
0.29726
-0.45136
0.12603
-0.66227
6.7402
6.5417
3.7752
0.52621
0.49221
-0.48804
0.49259
0.00023521
0.00089385
-0.0025319
0.65564
-0.076537
0.36676
-0.45197
0.1261
-0.66235
6.6202
6.5461
3.836
0.52556
0.48806
-0.50448
0.4807
0.00094926
0.00094479
-0.0028153
0.67593
0.039455
0.20665
-0.45256
0.12616
-0.66241
6.5077
6.5373
3.8846
0.51117
0.47452
-0.52344
0.48944
0.0015609
0.0010403
-0.0031047
0.58344
0.080751
0.20576
-0.45308
0.1262
-0.66246
6.4109
6.5128
3.9144
0.53319
0.47843
-0.50122
0.48538
0.0021058
0.0013341
-0.0034057
0.48445
0.037949
0.30741
-0.4536
0.12622
-0.66251
6.3206
6.4882
3.96
0.54034
0.48979
-0.48532
0.48228
0.0024581
0.0017076
-0.0036704
0.43255
-0.1084
0.16462
-0.45405
0.12621
-0.66257
6.2468
6.4834
4.0012
0.53955
0.48541
-0.47042
0.50196
0.0027207
0.0021445
-0.0038998
0.5326
-0.2237
0.12839
-0.45452
0.12616
-0.66266
6.1645
6.5005
4.0204
0.54185
0.49339
-0.46173
0.49977
0.002947
0.0024905
-0.0040278
0.5771
-0.16772
0.3524
-0.45494
0.12607
-0.6628
6.0633
6.5226
4.0636
0.54762
0.50438
-0.45268
0.49071
0.00308
0.0027252
-0.0040407
0.64237
-0.10039
0.32415
-0.45529
0.12594
-0.66297
5.9626
6.5308
4.1212
0.55547
0.48162
-0.45912
0.49871
0.0031764
0.0029352
-0.0040223
0.62023
-0.041228
0.28734
-0.4556
0.12578
-0.66322
5.8545
6.5268
4.167
0.57422
0.46055
-0.45657
0.49971
0.003278
0.0031681
-0.0040403
0.53555
-0.038221
0.35833
-0.45586
0.12558
-0.66355
5.7593
6.5217
4.2231
0.58545
0.47139
-0.43647
0.49451
0.0033664
0.0033991
-0.0040512
0.54742
-0.12879
0.23066
-0.45607
0.12537
-0.66393
5.6701
6.5222
4.2725
0.58123
0.47353
-0.42745
0.50521
0.0034749
0.0035534
-0.0039949
0.6009
-0.23294
0.1818
-0.45628
0.12516
-0.66442
5.5715
6.54
4.3037
0.57853
0.47273
-0.42377
0.5121
0.003553
0.003575
-0.0038724
0.59892
-0.23504
0.39511
-0.45647
0.12499
-0.66492
5.4701
6.5661
4.3493
0.58149
0.48726
-0.42419
0.49448
0.0035006
0.0034038
-0.0036818
0.63168
-0.10796
0.38931
-0.4567
0.12484
-0.66547
5.3619
6.5808
4.4186
0.57862
0.47814
-0.43394
0.49828
0.0032256
0.0026929
-0.0034622
0.60661
-0.0015751
0.30182
-0.45694
0.12474
-0.66595
5.2539
6.5743
4.4741
0.58083
0.46107
-0.44493
0.50208
0.0028239
0.0019023
-0.0032887
0.52505
-0.031073
0.40041
-0.4572
0.12469
-0.66633
5.167
6.5655
4.5286
0.59247
0.45896
-0.43757
0.49685
0.0023305
0.0010903
-0.0031746
0.49378
-0.069337
0.30797
-0.45753
0.12469
-0.66663
5.0809
6.5626
4.5932
0.58279
0.45415
-0.44129
0.50928
0.0017414
0.00014684
-0.003108
0.52704
-0.10331
0.16767
-0.45792
0.12476
-0.66683
4.9964
6.5655
4.6297
0.56458
0.45365
-0.45486
0.51821
0.0010873
-0.0005279
-0.003058
0.60584
-0.11195
0.35905
-0.45834
0.12487
-0.66694
4.905
6.5712
4.6701
0.55481
0.46119
-0.46984
0.50866
0.00019055
-0.00097719
-0.0030523
0.59033
-0.05891
0.44682
-0.45885
0.12503
-0.66698
4.8015
6.5748
4.7462
0.52906
0.44506
-0.50542
0.51631
-0.00068481
-0.0011997
-0.0031474
0.64479
0.076128
0.21852
-0.45936
0.12519
-0.66697
4.7053
6.561
4.7963
0.51778
0.43433
-0.51728
0.52506
-0.00144
-0.0013314
-0.0033396
0.5693
0.079006
0.29825
-0.45991
0.12537
-0.66696
4.6067
6.5324
4.8361
0.5276
0.42963
-0.50528
0.5308
-0.0019541
-0.0014605
-0.0035411
0.49997
-0.0024403
0.35304
-0.46039
0.12555
-0.66695
4.5178
6.5121
4.8948
0.52585
0.43657
-0.49705
0.53463
-0.0021815
-0.0014822
-0.0036935
0.52903
-0.14399
0.13003
-0.46077
0.12573
-0.66696
4.4353
6.5128
4.9355
0.52618
0.4331
-0.48754
0.54577
-0.0022646
-0.0013844
-0.0038017
0.63665
-0.22079
0.18227
-0.46111
0.12593
-0.667
4.3332
6.531
4.9549
0.52971
0.44474
-0.48584
0.53439
-0.0023857
-0.0012638
-0.0038862
0.66678
-0.16021
0.41418
-0.46138
0.12615
-0.66706
4.2156
6.5504
5.0081
0.54099
0.45228
-0.48572
0.51657
-0.0025723
-0.0011168
-0.0039787
0.69847
-0.070527
0.24598
-0.46157
0.12637
-0.66712
4.103
6.5556
5.0663
0.54779
0.45889
-0.47735
0.51135
-0.002805
-0.00092453
-0.0040637
0.61564
0.0039302
0.1132
-0.46173
0.1266
-0.66719
3.9865
6.5435
5.0873
0.55396
0.48059
-0.47159
0.48966
-0.0030773
-0.00079279
-0.0040824
0.55241
-0.068457
0.28172
-0.46182
0.12682
-0.66727
3.8937
6.5347
5.1212
0.56982
0.48948
-0.44042
0.49167
-0.0033686
-0.00071804
-0.0039802
0.57108
-0.18139
0.29215
-0.46186
0.12705
-0.66736
3.793
6.5426
5.1773
0.55774
0.49123
-0.42911
0.51332
-0.0036214
-0.00069839
-0.003739
0.61815
-0.26676
0.22617
-0.46184
0.12729
-0.66746
3.6905
6.5639
5.2156
0.5533
0.49522
-0.42323
0.51912
-0.0038232
-0.00075529
-0.0034819
0.62839
-0.31238
0.5254
-0.46176
0.12751
-0.66756
3.5836
6.5989
5.2743
0.55138
0.49771
-0.44555
0.49975
-0.0040496
-0.00087897
-0.0032393
0.61896
-0.23841
0.49057
-0.4616
0.12776
-0.66766
3.473
6.6348
5.3685
0.53879
0.49178
-0.46882
0.49807
-0.0043461
-0.0010223
-0.0030333
0.65119
-0.14112
0.26503
-0.4614
0.12799
-0.66777
3.3627
6.6522
5.429
0.5488
0.45835
-0.46612
0.52102
-0.0045649
-0.0010967
-0.0028687
0.5298
-0.2354
0.34395
-0.46119
0.1282
-0.66787
3.2665
6.6687
5.4766
0.5816
0.44045
-0.44269
0.52131
-0.0044907
-0.0010972
-0.0026785
0.42308
-0.35597
0.41648
-0.46094
0.1284
-0.668
3.1801
6.709
5.544
0.5969
0.42481
-0.41899
0.53637
-0.0041629
-0.0010576
-0.0024348
0.39618
-0.50342
0.17641
-0.46072
0.1286
-0.66813
3.1091
6.7683
5.5921
0.61301
0.39594
-0.39255
0.55978
-0.003654
-0.0010298
-0.0020629
0.41911
-0.61102
0.23811
-0.46051
0.12883
-0.66828
3.0289
6.853
5.6214
0.63127
0.37484
-0.36647
0.57156
-0.0030639
-0.0011103
-0.0015736
0.34536
-0.662
0.37824
-0.46032
0.12907
-0.66842
2.9521
6.9527
5.6763
0.65584
0.3406
-0.33472
0.58466
-0.0026371
-0.0013196
-0.0010563
0.29223
-0.67239
0.24864
-0.46016
0.12932
-0.66855
2.8911
7.0506
5.7301
0.67677
0.30097
-0.30545
0.59842
-0.0024084
-0.0016044
-0.0005797
0.31481
-0.72774
-0.041721
-0.46
0.12958
-0.66868
2.8263
7.1606
5.745
0.68841
0.25695
-0.25897
0.6269
-0.0022481
-0.001837
-0.00025502
0.23786
-0.78409
0.0064633
-0.45988
0.12982
-0.6688
2.7644
7.2784
5.7395
0.70957
0.21414
-0.20947
0.63779
-0.0021424
-0.0019595
-6.6923e-05
0.089736
-0.79409
0.079563
-0.45978
0.13003
-0.66892
2.7218
7.3981
5.7484
0.72407
0.16865
-0.16709
0.64758
-0.0020395
-0.0019746
6.5074e-05
-0.069772
-0.88667
-0.057321
-0.45971
0.13023
-0.66904
2.7035
7.5358
5.7521
0.7196
0.12842
-0.14442
0.66695
-0.0018741
-0.0018877
0.00011603
-0.23508
-0.95011
-0.074176
-0.45968
0.13039
-0.66916
2.7089
7.6822
5.7388
0.71827
0.086323
-0.12514
0.67895
-0.0015953
-0.0017541
8.7472e-05
-0.41516
-0.91051
0.052783
-0.45969
0.13055
-0.66929
2.7494
7.8448
5.7363
0.72568
0.023518
-0.075193
0.6835
-0.0012106
-0.0016238
7.5807e-06
-0.50623
-0.86368
0.0029717
-0.45974
0.13071
-0.66944
2.8089
8
5.7436
0.73493
-0.043225
-0.017309
0.67654
-0.00087706
-0.0015222
-0.00012367
-0.60364
-0.82663
-0.13109
-0.45981
0.13086
-0.66959
2.8806
8.1418
5.7323
0.71884
-0.10583
0.06254
0.68422
-0.00058681
-0.001452
-0.00033773
-0.65201
-0.72205
-0.020214
-0.45992
0.13102
-0.66975
2.9671
8.2817
5.7158
0.69645
-0.18713
0.13596
0.67931
-0.0003328
-0.0014193
-0.00063552
-0.78715
-0.43043
0.15328
-0.46005
0.1312
-0.66991
3.0726
8.3882
5.7277
0.67215
-0.26419
0.20286
0.66127
-0.0001989
-0.0013744
-0.00098883
-0.84428
-0.20681
0.090967
-0.46019
0.13136
-0.67005
3.1925
8.4495
5.751
0.63821
-0.33643
0.26347
0.64038
-0.00021688
-0.0012934
-0.0014094
-0.88751
-0.11417
-0.011538
-0.46036
0.13151
-0.6702
3.332
8.4896
5.7552
0.60538
-0.37651
0.33034
0.61858
-0.00031262
-0.0012162
-0.0017593
-0.88988
-0.022349
0.19499
-0.46053
0.13164
-0.67034
3.4663
8.5187
5.7656
0.58062
-0.40654
0.37175
0.5995
-0.00041437
-0.0011965
-0.0020636
-0.74279
0.052175
0.44772
-0.46073
0.13174
-0.67051
3.6023
8.5314
5.8253
0.55606
-0.43063
0.41436
0.57763
-0.00035579
-0.0012693
-0.0023423
-0.64643
-0.0013678
0.34581
-0.46094
0.1318
-0.6707
3.7132
8.5415
5.8974
0.52891
-0.45697
0.43996
0.5638
-0.00029834
-0.0013036
-0.0025905
-0.58068
-0.039392
0.2368
-0.46114
0.13182
-0.67091
3.8073
8.5556
5.9408
0.50498
-0.47689
0.46354
0.55019
-0.00030954
-0.0012195
-0.0028524
-0.50036
-0.026443
0.3679
-0.46136
0.1318
-0.67118
3.8943
8.5744
5.9912
0.49306
-0.49973
0.48009
0.526
-0.00031424
-0.001029
-0.0030848
-0.49731
0.069222
0.34345
-0.4616
0.13174
-0.6715
3.9774
8.5817
6.0581
0.48707
-0.51026
0.49047
0.5117
-0.00035326
-0.00083747
-0.0032294
-0.56049
0.14551
0.14938
-0.46183
0.13164
-0.67184
4.0622
8.5758
6.0959
0.47249
-0.51935
0.50808
0.49889
-0.00037565
-0.00074018
-0.003333
-0.57102
0.17754
0.24879
-0.46209
0.13149
-0.67226
4.1599
8.5602
6.1258
0.47637
-0.52042
0.51128
0.49074
-0.00030095
-0.0007857
-0.0034251
-0.56692
0.066235
0.40094
-0.46234
0.13132
-0.67268
4.2541
8.5525
6.183
0.4825
-0.51142
0.50279
0.50284
-0.00024256
-0.00087884
-0.0034915
-0.58842
-0.044983
0.29095
-0.4626
0.13111
-0.67319
4.3515
8.5641
6.2415
0.47
-0.5003
0.50689
0.52141
-0.00029648
-0.0009752
-0.0035042
-0.53475
-0.056194
0.30337
-0.46285
0.13088
-0.67372
4.4455
8.5863
6.2882
0.46645
-0.50084
0.50697
0.52399
-0.00034924
-0.00099555
-0.0034867
-0.50825
0.0092718
0.38404
-0.46307
0.13064
-0.67424
4.5252
8.6004
6.3454
0.48608
-0.50864
0.49227
0.51253
-0.00033013
-0.00073175
-0.0034186
-0.53182
0.10434
0.22113
-0.46329
0.13039
-0.67481
4.6152
8.6042
6.3987
0.48258
-0.51195
0.50433
0.50067
-0.0002026
-0.00035371
-0.003267
-0.58757
0.1574
0.14819
-0.46349
0.13014
-0.67539
4.7108
8.5942
6.4252
0.49515
-0.50681
0.50325
0.49468
-8.4213e-05
4.719e-05
-0.0030679
-0.60434
0.12169
0.34788
-0.46365
0.12994
-0.67592
4.8095
8.5838
6.4661
0.51101
-0.50901
0.46719
0.51138
-0.00015619
0.00064232
-0.0028237
-0.61207
0.033881
0.19092
-0.46379
0.12976
-0.67649
4.9173
8.5828
6.5148
0.50935
-0.50695
0.46365
0.51827
-0.00035167
0.0011746
-0.0025515
-0.59742
0.0078776
0.15765
-0.4639
0.12961
-0.67702
5.0144
8.5931
6.5385
0.50359
-0.50436
0.47503
0.5161
-0.00046935
0.0015625
-0.0022326
-0.54024
-0.036912
0.31387
-0.46399
0.1295
-0.67759
5.1081
8.6102
6.5782
0.50976
-0.51116
0.48253
0.49601
-0.00047172
0.0017516
-0.0019252
-0.53053
0.0011143
0.35904
-0.46403
0.12943
-0.67816
5.198
8.6285
6.6389
0.51169
-0.51673
0.48165
0.48906
-0.000421
0.0018343
-0.0016922
-0.54298
0.074724
0.17801
-0.46403
0.12941
-0.67868
5.2837
8.6341
6.6819
0.49743
-0.52028
0.49546
0.4862
-0.00026345
0.0017694
-0.0015616
-0.5775
0.15316
0.30499
-0.46397
0.12943
-0.67922
5.3799
8.6266
6.7172
0.49367
-0.52049
0.49525
0.49001
-0.00013106
0.001573
-0.0016192
-0.56981
0.081282
0.44174
-0.46384
0.1295
-0.67971
5.4804
8.6168
6.7849
0.49773
-0.52362
0.48172
0.49602
-0.00019697
0.0014451
-0.001881
-0.62269
-0.021536
0.30327
-0.46365
0.12959
-0.68013
5.5751
8.6235
6.8456
0.48332
-0.53109
0.4817
0.50231
-0.00033115
0.0013043
-0.0022945
-0.6161
-0.085568
0.26711
-0.46337
0.1297
-0.68051
5.6813
8.6478
6.8864
0.47233
-0.53689
0.47977
0.50841
-0.00048111
0.0011373
-0.0026615
-0.55894
-0.058964
0.33019
-0.46305
0.12982
-0.68083
5.7681
8.6713
6.9354
0.46667
-0.55796
0.4924
0.47795
-0.00075492
0.0010691
-0.0029941
-0.48837
0.012239
0.31036
-0.46264
0.12995
-0.68112
5.8573
8.6876
6.9924
0.45695
-0.55968
0.50777
0.46918
-0.0010052
0.0011354
-0.0032647
-0.49465
0.11581
0.13403
-0.46218
0.13009
-0.68137
5.9378
8.6883
7.0313
0.44494
-0.56974
0.5195
0.45557
-0.0012156
0.0011926
-0.0034198
-0.5401
0.18953
0.14168
-0.46171
0.13022
-0.68156
6.0211
8.6745
7.0511
0.43762
-0.58823
0.53536
0.41936
-0.0013531
0.0011048
-0.003486
-0.58732
0.24899
0.36139
-0.46117
0.13035
-0.68172
6.1232
8.6511
7.0942
0.43407
-0.60681
0.51576
0.42114
-0.0013236
0.00080004
-0.0035189
-0.61302
0.11038
0.20035
-0.46061
0.13047
-0.68185
6.2286
8.633
7.1449
0.42092
-0.60552
0.52815
0.42098
-0.00134
0.00050028
-0.0035343
-0.61681
0.040426
0.15093
-0.46008
0.13057
-0.68193
6.325
8.6353
7.1689
0.40483
-0.62107
0.53328
0.40743
-0.0013968
0.00024555
-0.00355
-0.58639
0.11499
0.30108
-0.45954
0.13065
-0.68199
6.4284
8.6352
7.2056
0.40039
-0.63911
0.53067
0.38679
-0.0014864
5.4566e-05
-0.0035616
-0.54942
0.19473
0.27188
-0.45909
0.1307
-0.68203
6.522
8.6225
7.2569
0.40418
-0.63012
0.552
0.36727
-0.0016782
-0.00010593
-0.0035561
-0.62438
0.3066
0.25681
-0.45868
0.13071
-0.68206
6.6252
8.5972
7.296
0.40279
-0.61899
0.5664
0.36579
-0.001842
-0.00022828
-0.0035403
-0.61881
0.2895
0.40513
-0.45837
0.13068
-0.68209
6.736
8.5593
7.3547
0.39903
-0.63101
0.56222
0.35569
-0.0019387
-0.00035307
-0.0034755
-0.59468
0.21715
0.35272
-0.45815
0.13061
-0.68211
6.8376
8.5319
7.4197
0.39854
-0.63272
0.55608
0.36278
-0.0019241
-0.00058649
-0.0033605
-0.62664
0.19953
0.14694
-0.458
0.1305
-0.68212
6.9465
8.511
7.4597
0.37951
-0.63422
0.56835
0.36154
-0.0016131
-0.00091889
-0.0033075
-0.53849
0.19479
0.25925
-0.45792
0.13039
-0.6821
7.0469
8.4905
7.4939
0.3672
-0.6582
0.5616
0.34138
-0.0012974
-0.0012438
-0.0032464
-0.49513
0.24075
0.2531
-0.45792
0.13027
-0.68205
7.1342
8.4699
7.5312
0.3695
-0.67094
0.55362
0.32684
-0.001139
-0.0015273
-0.0030311
-0.50523
0.40548
0.1654
-0.45797
0.13016
-0.68196
7.226
8.4269
7.5673
0.34879
-0.66811
0.57577
0.31695
-0.0011003
-0.0016644
-0.0027709
-0.51923
0.48942
0.23041
-0.45809
0.13005
-0.68184
7.3148
8.3671
7.5958
0.34891
-0.67424
0.57327
0.30825
-0.0013247
-0.0016143
-0.0025142
-0.57386
0.3701
0.39289
-0.45828
0.12995
-0.68168
7.4169
8.3055
7.6492
0.35796
-0.67772
0.56121
0.31241
-0.0015892
-0.0014325
-0.0023372
-0.69924
0.28137
0.27654
-0.45855
0.12984
-0.68149
7.5299
8.265
7.7112
0.35748
-0.67322
0.56257
0.32016
-0.0017728
-0.001085
-0.0022743
-0.76665
0.24103
0.17732
-0.45887
0.12975
-0.68127
7.6539
8.2384
7.7411
0.35165
-0.67719
0.55864
0.32507
-0.0019287
-0.00063135
-0.0023278
-0.80703
0.13903
0.2984
-0.45927
0.12966
-0.681
7.7889
8.221
7.7853
0.3858
-0.67824
0.52798
0.33523
-0.0022078
-0.00023513
-0.0024157
-0.82563
0.10222
0.17034
-0.45973
0.12959
-0.68072
7.9336
8.2203
7.8273
0.41527
-0.66687
0.50553
0.35675
-0.0026067
1.7482e-05
-0.0025866
-0.90607
0.23651
-0.12287
-0.46019
0.12953
-0.68044
8.0752
8.2108
7.8327
0.42834
-0.65916
0.50281
0.35947
-0.0024587
-3.9175e-06
-0.0029883
-0.99263
0.31494
-0.059133
-0.46069
0.12949
-0.68015
8.2445
8.1849
7.8092
0.44874
-0.65095
0.48672
0.37147
-0.0020261
-0.00017545
-0.0034562
-1.0635
0.24238
0.083745
-0.46114
0.12947
-0.6799
8.4143
8.1576
7.8149
0.47239
-0.63635
0.4764
0.38072
-0.0014601
-0.00035542
-0.003867
-1.1705
0.012822
-0.039148
-0.46159
0.12948
-0.67969
8.6076
8.16
7.8231
0.49114
-0.60874
0.47337
0.40514
-0.0010515
-0.00046103
-0.0040886
-1.261
-0.16043
-0.040905
-0.46201
0.12953
-0.67954
8.8096
8.2032
7.8098
0.49803
-0.60268
0.47044
0.40919
-0.00085694
-0.00043555
-0.0041522
-1.2761
-0.15663
0.21908
-0.46236
0.12958
-0.67945
9.011
8.2562
7.8267
0.52027
-0.59629
0.44907
0.41485
-0.00082437
-0.00025319
-0.0041681
-1.2824
-0.10916
0.045452
-0.46269
0.12964
-0.67943
9.2228
8.3057
7.8549
0.52533
-0.59219
0.43743
0.42661
-0.0011262
-0.0001133
-0.0041642
-1.2968
-0.0086986
-0.10056
-0.46299
0.12969
-0.67946
9.4403
8.3457
7.8418
0.52377
-0.57196
0.43105
0.46121
-0.0015164
4.9234e-05
-0.0041637
-1.3317
0.045318
0.026265
-0.46323
0.12973
-0.67953
9.649
8.3685
7.8337
0.54954
-0.56327
0.41897
0.45298
-0.0019656
0.0004456
-0.0041645
-1.3003
0.041138
0.14155
-0.46346
0.12974
-0.67966
9.8756
8.3895
7.8505
0.56198
-0.55742
0.39951
0.46245
-0.0023006
0.00080826
-0.0041679
-1.3258
-0.0075679
-0.070977
-0.46366
0.12972
-0.6798
10.087
8.4159
7.859
0.55726
-0.54713
0.38975
0.48806
-0.0024455
0.0010571
-0.0042069
-1.273
0.009149
-0.039015
-0.46386
0.12968
-0.67997
10.303
8.4426
7.8438
0.53191
-0.5675
0.40774
0.47829
-0.0023386
0.0011148
-0.004293
-1.3037
0.037878
0.13065
-0.46405
0.12963
-0.68015
10.517
8.4671
7.8546
0.5229
-0.58237
0.42301
0.45661
-0.0022002
0.001103
-0.004374
-1.3409
0.036707
-0.03115
-0.46422
0.12958
-0.68033
10.727
8.489
7.8653
0.51418
-0.56579
0.44351
0.46776
-0.0022246
0.0010846
-0.0044121
-1.3627
0.031723
-0.042315
-0.46439
0.1295
-0.68051
10.951
8.5152
7.8551
0.52798
-0.54238
0.43508
0.48761
-0.0023399
0.0011263
-0.0043972
-1.3942
-0.099921
0.098525
-0.46455
0.12942
-0.68071
11.186
8.5494
7.8607
0.56432
-0.51408
0.43161
0.48061
-0.0024648
0.0011903
-0.0043811
-1.3454
-0.26374
0.036767
-0.4647
0.12931
-0.68088
11.401
8.6104
7.877
0.58657
-0.48269
0.41862
0.4977
-0.0025425
0.0011337
-0.0043815
-1.3356
-0.40114
-0.1622
-0.46486
0.12918
-0.68107
11.623
8.699
7.8629
0.5929
-0.46499
0.40358
0.51901
-0.0024985
0.0010448
-0.0043585
-1.3034
-0.50145
0.018184
-0.46501
0.12904
-0.68124
11.823
8.7974
7.8488
0.61546
-0.46036
0.38009
0.51459
-0.0023858
0.00099563
-0.0042985
-1.245
-0.48639
0.042235
-0.46517
0.12889
-0.68142
12.03
8.9101
7.86
0.63732
-0.45097
0.35772
0.51234
-0.0024056
0.00094598
-0.0041357
-1.2552
-0.486
-0.19752
-0.46533
0.12872
-0.68159
12.233
9.0206
7.8443
0.63766
-0.42973
0.34418
0.53876
-0.0024305
0.00094688
-0.0038587
-1.2985
-0.46903
-0.082584
-0.46548
0.12856
-0.68175
12.426
9.1231
7.8172
0.65014
-0.41785
0.33602
0.53834
-0.0024801
0.00098365
-0.0035383
-1.2456
-0.51747
0.08604
-0.46562
0.12839
-0.68193
12.636
9.234
7.8202
0.66427
-0.41635
0.30918
0.53833
-0.0026566
0.00091087
-0.0033155
-1.1929
-0.57015
-0.0084319
-0.46574
0.1282
-0.68211
12.83
9.3544
7.8313
0.65818
-0.4063
0.29701
0.55991
-0.0028367
0.00084988
-0.0032297
-1.2122
-0.57788
-0.085467
-0.46582
0.12801
-0.68228
13.008
9.4704
7.8171
0.63354
-0.41768
0.31209
0.57163
-0.0028819
0.00087258
-0.0032342
-1.1781
-0.56494
0.15959
-0.46588
0.1278
-0.68247
13.194
9.5904
7.8241
0.63915
-0.42142
0.32125
0.5574
-0.002903
0.00094575
-0.0032814
-1.1861
-0.55487
0.061248
-0.46592
0.12759
-0.68265
13.369
9.7071
7.8463
0.64225
-0.41754
0.32908
0.55216
-0.0029979
0.0010565
-0.00331
-1.2653
-0.53955
-0.16875
-0.46592
0.12735
-0.68284
13.56
9.8274
7.8331
0.63073
-0.40937
0.34741
0.56027
-0.0031615
0.0011162
-0.0032814
-1.306
-0.56926
0.050772
-0.4659
0.1271
-0.68303
13.765
9.9474
7.8207
0.65511
-0.39597
0.32795
0.5536
-0.0032858
0.0010606
-0.0032159
-1.2389
-0.72155
0.13026
-0.46586
0.12686
-0.68322
13.958
10.078
7.8393
0.67809
-0.37815
0.29798
0.55535
-0.003159
0.00089226
-0.003148
-1.1422
-0.78172
-0.033569
-0.46579
0.1266
-0.68341
14.142
10.233
7.8508
0.66391
-0.35664
0.30445
0.58254
-0.0028558
0.00065197
-0.0031097
-1.1203
-0.77277
-0.015042
-0.46569
0.12637
-0.68361
14.313
10.39
7.8394
0.65489
-0.36228
0.31018
0.58622
-0.0024812
0.00047014
-0.0030876
-1.0396
-0.73087
0.12061
-0.46557
0.12616
-0.68381
14.47
10.531
7.8535
0.66914
-0.35025
0.30523
0.58001
-0.0022027
0.0004093
-0.0030722
-0.9795
-0.7323
-0.082544
-0.46542
0.12595
-0.68403
14.624
10.678
7.8592
0.66534
-0.33667
0.28848
0.60062
-0.002181
0.00039228
-0.0031078
-1.0604
-0.75365
-0.14653
-0.46526
0.12576
-0.68426
14.779
10.825
7.8342
0.66865
-0.33026
0.26792
0.60996
-0.0021458
0.00038458
-0.0032104
-1.0865
-0.78093
0.10638
-0.46509
0.12558
-0.68447
14.937
10.968
7.8283
0.68085
-0.31666
0.25633
0.60865
-0.0017865
0.00035387
-0.0033102
-1.0342
-0.85883
0.16845
-0.4649
0.1254
-0.68471
15.098
11.131
7.8596
0.67594
-0.30436
0.2604
0.6186
-0.0013718
0.00018511
-0.0033263
-0.97916
-0.966
-0.063316
-0.4647
0.12525
-0.68495
15.246
11.307
7.8654
0.65933
-0.30756
0.26537
0.63266
-0.0010672
-5.9927e-06
-0.0032766
-0.94549
-0.9424
0.070524
-0.46451
0.12512
-0.68516
15.376
11.479
7.8621
0.66542
-0.32987
0.25993
0.61712
-0.00091988
0.00010884
-0.0031914
-0.90842
-0.88106
0.079438
-0.46431
0.125
-0.68539
15.515
11.651
7.8815
0.67688
-0.33025
0.25993
0.60432
-0.00099372
0.00030669
-0.0030798
-0.9666
-0.92196
-0.19889
-0.46411
0.12489
-0.68559
15.652
11.824
7.8705
0.66172
-0.32029
0.27992
0.61741
-0.0011269
0.00047957
-0.0030038
-1.1003
-0.93456
-0.064408
-0.46394
0.12479
-0.68577
15.796
11.993
7.8453
0.66257
-0.31858
0.27374
0.62014
-0.0011548
0.00059806
-0.0029844
-1.0319
-0.9645
0.14154
-0.46377
0.12469
-0.68592
15.956
12.177
7.8555
0.67337
-0.32092
0.25201
0.61651
-0.0010574
0.00057648
-0.0029768
-0.9754
-1.0003
-0.0003086
-0.46362
0.12459
-0.68604
16.097
12.355
7.87
0.6637
-0.30783
0.2594
0.63044
-0.00076553
0.00046426
-0.0030116
-0.96316
-1.0025
0.020802
-0.46347
0.12449
-0.68615
16.235
12.546
7.8619
0.64856
-0.31117
0.27502
0.63789
-5.5849e-05
0.00043792
-0.0031626
-0.91954
-0.93536
0.18923
-0.46333
0.12439
-0.68622
16.37
12.729
7.8832
0.66275
-0.31854
0.25783
0.62675
0.00057858
0.00039722
-0.0032854
-0.93124
-0.88067
0.029261
-0.4632
0.12431
-0.68627
16.498
12.892
7.9037
0.66343
-0.32279
0.26814
0.61949
0.00091729
0.00020217
-0.0032401
-0.97412
-0.88275
-0.17535
-0.46308
0.12422
-0.68631
16.638
13.061
7.8854
0.64723
-0.31177
0.28939
0.63257
0.0011756
6.1079e-05
-0.0031784
-1.0363
-0.85168
0.047784
-0.46297
0.12415
-0.68632
16.777
13.219
7.8732
0.66981
-0.30298
0.274
0.62006
0.0013478
5.5301e-05
-0.0031478
-1.002
-0.87513
0.10837
-0.46287
0.12406
-0.68632
16.931
13.388
7.8938
0.68596
-0.30175
0.259
0.60937
0.0014175
0.00014939
-0.0031372
-1.0119
-0.90186
-0.17339
-0.46278
0.12398
-0.68631
17.083
13.563
7.8877
0.67193
-0.31681
0.26774
0.61356
0.0014075
0.00035661
-0.0031521
-1.007
-0.87295
-0.063985
-0.46273
0.12391
-0.68629
17.226
13.723
7.8628
0.66035
-0.35418
0.27635
0.60177
0.0013788
0.00072996
-0.003256
-1.0104
-0.79018
0.1088
-0.46269
0.12382
-0.68626
17.377
13.883
7.8705
0.6621
-0.38019
0.28815
0.57796
0.0013529
0.0010711
-0.003395
-1.0469
-0.73673
-0.11816
-0.46269
0.12375
-0.68623
17.524
14.024
7.8721
0.64451
-0.37962
0.31824
0.58242
0.001263
0.0012978
-0.0034572
-1.1047
-0.79045
-0.084794
-0.4627
0.12367
-0.68619
17.685
14.177
7.8487
0.6526
-0.368
0.30877
0.58596
0.0014088
0.0013571
-0.0034114
-1.0795
-0.79512
0.13867
-0.46274
0.1236
-0.68614
17.853
14.335
7.8555
0.66885
-0.36316
0.28946
0.58049
0.0015734
0.001277
-0.003286
-1.0725
-0.80185
-0.022215
-0.46279
0.12355
-0.6861
18.008
14.486
7.8701
0.65409
-0.3628
0.29179
0.59616
0.0015345
0.0010538
-0.0031551
-1.0393
-0.8028
-0.16763
-0.46284
0.1235
-0.68605
18.167
14.644
7.8471
0.6447
-0.38099
0.30973
0.5859
0.0012346
0.00073665
-0.0030335
-1.0426
-0.73906
0.038822
-0.4629
0.12346
-0.686
18.315
14.787
7.836
0.64936
-0.40508
0.30644
0.56598
0.0009563
0.00040691
-0.0029583
-1.1139
-0.64938
0.018372
-0.46296
0.12343
-0.68595
18.481
14.928
7.8497
0.6362
-0.41464
0.33327
0.55881
0.0010419
8.0132e-05
-0.0029914
-1.1928
-0.59962
-0.20915
-0.463
0.12339
-0.68588
18.657
15.059
7.827
0.61304
-0.4166
0.34646
0.57497
0.0011866
-0.00016501
-0.0030548
-1.2542
-0.56957
0.038176
-0.46304
0.12337
-0.6858
18.836
15.174
7.8106
0.6147
-0.43736
0.3428
0.55978
0.0011083
-0.00020975
-0.0031257
-1.1923
-0.55638
0.12558
-0.46307
0.12335
-0.68568
19.031
15.295
7.8285
0.61582
-0.45212
0.33217
0.5532
0.00070023
-5.027e-05
-0.0032
-1.1739
-0.54404
-0.09826
-0.46308
0.12333
-0.68552
19.22
15.413
7.8326
0.60213
-0.45982
0.33473
0.56032
5.5975e-05
0.00016459
-0.0032018
-1.1766
-0.48302
-0.048292
-0.46308
0.12329
-0.68533
19.393
15.517
7.8142
0.58354
-0.48866
0.3746
0.52949
-0.00061442
0.00038931
-0.0031332
-1.1438
-0.32327
0.11733
-0.46304
0.12324
-0.68509
19.576
15.612
7.8275
0.58509
-0.51214
0.3983
0.48657
-0.0010527
0.00055647
-0.0030913
-1.182
-0.22329
-0.13391
-0.46297
0.12316
-0.68482
19.768
15.683
7.8303
0.57065
-0.52675
0.40131
0.48563
-0.0013069
0.00060856
-0.0030787
-1.2802
-0.21824
-0.17534
-0.46287
0.12308
-0.68454
19.958
15.741
7.7992
0.55824
-0.52343
0.42667
0.48202
-0.0014768
0.00049496
-0.0030756
-1.3054
-0.089916
0.18468
-0.46271
0.12296
-0.68422
20.171
15.799
7.8015
0.55262
-0.52243
0.43848
0.47897
-0.001577
0.00034385
-0.0030404
-1.2537
-0.125
0.095523
-0.46253
0.12284
-0.68392
20.368
15.843
7.8286
0.54924
-0.52129
0.43905
0.48355
-0.002048
0.00034443
-0.0029705
-1.2697
-0.11519
-0.14528
-0.4623
0.12268
-0.6836
20.578
15.891
7.8215
0.53659
-0.52245
0.44569
0.49038
-0.0025344
0.00057703
-0.0029705
-1.2772
-0.053109
0.031533
-0.46204
0.12251
-0.68328
20.789
15.934
7.8074
0.53208
-0.54281
0.44354
0.47488
-0.0028602
0.00089504
-0.0029886
-1.2474
0.10148
0.10484
-0.46177
0.12233
-0.68298
20.99
15.955
7.8231
0.53141
-0.55472
0.43857
0.46641
-0.0030268
0.0011101
-0.0029492
-1.2754
0.19981
-0.14551
-0.46148
0.12212
-0.68268
21.205
15.956
7.818
0.51842
-0.54986
0.46811
0.45801
-0.0031391
0.0014362
-0.0028986
-1.3388
0.22883
-0.017101
-0.4612
0.12193
-0.68242
21.415
15.949
7.802
0.53462
-0.54306
0.4624
0.45327
-0.0034117
0.0017784
-0.0027952
-1.321
0.043193
0.13461
-0.46091
0.12172
-0.68217
21.647
15.956
7.816
0.5611
-0.52914
0.44444
0.45569
-0.0041721
0.00201
-0.0025439
-1.2306
-0.0064493
-0.031683
-0.46062
0.12152
-0.68196
21.863
15.985
7.8266
0.55886
-0.52197
0.44188
0.469
-0.004988
0.0022328
-0.0022595
-1.2644
0.051189
-0.11918
-0.46036
0.12133
-0.68178
22.061
16.006
7.8101
0.54118
-0.53936
0.45983
0.45251
-0.0052559
0.0024939
-0.0020532
-1.2123
0.084377
0.13071
-0.4601
0.12114
-0.68162
22.271
16.021
7.8128
0.54644
-0.54924
0.45465
0.43936
-0.0051576
0.0027339
-0.0019143
-1.1797
0.14702
0.0086714
-0.45988
0.12097
-0.68149
22.475
16.029
7.827
0.53002
-0.55337
0.4685
0.43972
-0.005169
0.0029131
-0.0017499
-1.2498
0.16587
-0.14046
-0.45971
0.12085
-0.68139
22.67
16.029
7.8114
0.53057
-0.5357
0.4599
0.46905
-0.0055356
0.0030219
-0.0015054
-1.2987
0.18246
0.06575
-0.45958
0.12075
-0.68129
22.889
16.027
7.8011
0.54518
-0.52844
0.44783
0.47221
-0.0059259
0.0029372
-0.0013239
-1.2398
0.066409
0.1495
-0.4595
0.12067
-0.68121
23.092
16.033
7.8254
0.55912
-0.52185
0.43607
0.47423
-0.0060453
0.0025519
-0.0012041
-1.2878
0.0052277
-0.11755
-0.45947
0.12061
-0.68113
23.308
16.058
7.8287
0.5459
-0.50157
0.44687
0.50072
-0.0059771
0.0017318
-0.0011277
-1.3305
0.04278
-0.10589
-0.45948
0.12059
-0.68105
23.526
16.084
7.8018
0.53549
-0.49527
0.46202
0.50448
-0.0056479
0.00095931
-0.0011423
-1.2858
0.063353
0.15432
-0.45953
0.12059
-0.68098
23.735
16.102
7.8081
0.53066
-0.50705
0.47077
0.48957
-0.0055033
0.00059128
-0.0012176
-1.2768
0.09898
-0.089744
-0.45964
0.12062
-0.68089
23.949
16.116
7.8197
0.5253
-0.50073
0.4739
0.49876
-0.005667
0.00016292
-0.0012865
-1.3321
0.091298
-0.12158
-0.4598
0.12066
-0.68079
24.17
16.13
7.7941
0.53223
-0.49707
0.46274
0.50549
-0.005973
-0.00018373
-0.0013758
-1.3162
0.067383
0.10674
-0.46
0.12071
-0.68068
24.381
16.142
7.7945
0.54361
-0.49891
0.4409
0.51106
-0.0063089
-0.0003623
-0.0015337
-1.275
-0.05818
0.064699
-0.46025
0.12076
-0.68054
24.599
16.17
7.8155
0.54437
-0.49904
0.44346
0.5079
-0.0065522
-0.00045811
-0.0017269
-1.3451
-0.060171
-0.20791
-0.46053
0.12082
-0.68039
24.805
16.207
7.8025
0.54964
-0.4947
0.43119
0.51695
-0.0065184
-0.00051531
-0.0019717
-1.3983
-0.033412
-0.048381
-0.46086
0.12087
-0.68021
25.038
16.246
7.7713
0.53123
-0.52263
0.44634
0.49541
-0.0062692
-0.00039347
-0.0022473
-1.2911
0.059076
0.0938
-0.46121
0.12093
-0.68001
25.263
16.274
7.7817
0.52891
-0.53008
0.46897
0.46833
-0.0058738
-0.00022728
-0.0024764
-1.4119
0.048375
-0.12301
-0.46155
0.121
-0.67981
25.475
16.295
7.7835
0.55095
-0.50679
0.47107
0.4666
-0.005724
-0.00034204
-0.0026825
-1.4238
0.07392
-0.09879
-0.46192
0.12106
-0.67958
25.719
16.32
7.7621
0.54016
-0.49192
0.46009
0.50453
-0.0055817
-0.0006188
-0.0028924
-1.3307
0.012737
0.1655
-0.46225
0.12111
-0.67936
25.938
16.338
7.769
0.55652
-0.49485
0.43935
0.50238
-0.0054181
-0.00097413
-0.0031197
-1.3643
-0.050096
-0.0027453
-0.46259
0.12115
-0.67911
26.164
16.371
7.7867
0.56236
-0.47809
0.43525
0.5155
-0.0053184
-0.0014077
-0.0032845
-1.459
-0.066313
-0.11449
-0.46291
0.12117
-0.67886
26.4
16.412
7.7665
0.55084
-0.47628
0.4555
0.51211
-0.0052052
-0.0017482
-0.003368
-1.4744
-0.039978
0.088956
-0.46318
0.12118
-0.67863
26.629
16.452
7.7685
0.54319
-0.49539
0.44622
0.51032
-0.0049685
-0.0019004
-0.0034306
-1.4281
0.079425
0.022137
-0.46345
0.12118
-0.67837
26.87
16.477
7.7805
0.54973
-0.49441
0.45153
0.49947
-0.0046313
-0.0017849
-0.0034465
-1.4419
0.1469
-0.14625
-0.4637
0.12117
-0.67812
27.114
16.49
7.7666
0.53878
-0.4695
0.4705
0.51761
-0.0043026
-0.0015271
-0.0033797
-1.3374
0.18027
0.078691
-0.46392
0.12115
-0.6779
27.339
16.495
7.7574
0.54142
-0.4768
0.47407
0.50476
-0.003927
-0.0010899
-0.0032473
-1.2663
0.052792
0.14457
-0.46413
0.12112
-0.67768
27.56
16.502
7.7855
0.55649
-0.48612
0.44655
0.50457
-0.0035579
-0.000668
-0.0030901
-1.3304
-0.027495
-0.14163
-0.46431
0.12109
-0.67749
27.771
16.528
7.7838
0.54468
-0.4929
0.44869
0.50897
-0.0031304
-0.00026485
-0.0029407
-1.4237
-0.045702
-0.1797
-0.46449
0.12104
-0.67732
28.004
16.566
7.7525
0.51315
-0.49701
0.4767
0.51227
-0.0026317
4.7497e-05
-0.0028605
-1.3417
0.030381
0.091877
-0.46465
0.12098
-0.67719
28.236
16.6
7.7514
0.51492
-0.51332
0.4864
0.48454
-0.0021972
0.00024661
-0.0028729
-1.421
0.092152
-0.07745
-0.46479
0.12093
-0.67709
28.457
16.617
7.7567
0.50997
-0.52275
0.48549
0.48058
-0.0018468
0.00046277
-0.0029755
-1.5326
0.13294
-0.17105
-0.4649
0.12087
-0.67702
28.708
16.631
7.7284
0.51929
-0.52575
0.46277
0.48966
-0.0016357
0.00077404
-0.0031399
-1.3753
0.16213
0.10862
-0.46499
0.12081
-0.67698
28.958
16.635
7.7243
0.52671
-0.54163
0.44631
0.4796
-0.0014935
0.0010376
-0.0033323
-1.2589
0.080233
0.033298
-0.46507
0.12075
-0.67698
29.166
16.642
7.7403
0.53793
-0.53666
0.4354
0.48276
-0.0013329
0.0011828
-0.0035202
-1.3675
0.087724
-0.15284
-0.46513
0.12069
-0.67701
29.39
16.658
7.7304
0.52362
-0.52662
0.45142
0.49468
-0.0012452
0.0012923
-0.0036148
-1.4555
0.14895
-0.033526
-0.46518
0.12063
-0.67707
29.616
16.667
7.7113
0.51096
-0.53805
0.45003
0.49688
-0.0011618
0.0013672
-0.0036349
-1.4134
0.17666
0.12947
-0.46521
0.12056
-0.67717
29.864
16.671
7.7239
0.5356
-0.51758
0.45758
0.48565
-0.0010736
0.0012981
-0.0035788
-1.4448
0.20464
-0.028414
-0.46523
0.1205
-0.6773
30.113
16.676
7.7377
0.52304
-0.50281
0.4772
0.49588
-0.00097941
0.0012209
-0.0034776
-1.4266
0.31379
-0.13806
-0.46523
0.12044
-0.67746
30.343
16.665
7.7189
0.52621
-0.52217
0.45563
0.49279
-0.00084857
0.0012636
-0.0033786
-1.2337
0.2858
0.13856
-0.46523
0.12037
-0.67765
30.579
16.639
7.7189
0.54333
-0.5428
0.44597
0.45965
-0.00077471
0.0014652
-0.0032506
-1.2399
0.18322
0.0022214
-0.46522
0.12032
-0.67786
30.793
16.626
7.7352
0.53429
-0.53753
0.45261
0.46983
-0.00070293
0.0016805
-0.0031453
-1.4941
0.05627
-0.15259
-0.46521
0.12027
-0.67809
31.01
16.637
7.7185
0.49446
-0.52989
0.47367
0.50036
-0.00050605
0.0017375
-0.0031505
-1.5124
0.035215
0.092507
-0.46521
0.12022
-0.67834
31.262
16.662
7.7145
0.47943
-0.54118
0.47036
0.50599
-0.00030959
0.0013446
-0.003208
-1.5182
0.086835
0.0816
-0.46522
0.12018
-0.67859
31.505
16.683
7.7304
0.4849
-0.53872
0.47395
0.50003
-0.00030894
0.00079101
-0.0032586
-1.524
0.11701
-0.12014
-0.46522
0.12015
-0.67886
31.76
16.701
7.7269
0.48376
-0.50658
0.48036
0.52783
-0.00068102
1.6948e-06
-0.0033182
-1.4435
0.14346
0.068017
-0.46523
0.12011
-0.67914
32.018
16.711
7.7144
0.49995
-0.51573
0.46934
0.51361
-0.0010421
-0.000807
-0.0034009
-1.334
0.11489
0.20675
-0.46524
0.12008
-0.67939
32.241
16.719
7.741
0.51601
-0.52466
0.45339
0.5029
-0.0013288
-0.0014498
-0.0034511
-1.3343
0.026871
-0.032179
-0.46527
0.12004
-0.67965
32.468
16.739
7.7587
0.50268
-0.5074
0.46184
0.52589
-0.0015978
-0.001754
-0.0034254
-1.422
0.024581
-0.011772
-0.46531
0.12001
-0.67989
32.705
16.768
7.7418
0.47054
-0.51545
0.5018
0.51099
-0.0019077
-0.0018755
-0.0033211
-1.3382
0.080558
0.24381
-0.46536
0.11997
-0.68008
32.915
16.789
7.7679
0.46891
-0.52651
0.50384
0.49906
-0.0022902
-0.0017843
-0.0030351
-1.3182
0.13906
0.059472
-0.46545
0.11993
-0.68027
33.145
16.798
7.7962
0.46547
-0.52775
0.50973
0.49497
-0.0026171
-0.0015813
-0.0026477
-1.225
0.24238
-0.12492
-0.46555
0.11989
-0.68042
33.351
16.797
7.7879
0.44312
-0.55421
0.50015
0.49633
-0.0029975
-0.0014412
-0.0022886
-1.0325
0.55091
0.089496
-0.46568
0.11984
-0.68056
33.555
16.753
7.7759
0.39681
-0.60672
0.53101
0.43871
-0.0026583
-0.0014437
-0.0020448
-0.66603
0.70256
0.12845
-0.46582
0.1198
-0.68069
33.704
16.669
7.8059
0.33774
-0.65027
0.56734
0.37577
-0.0021741
-0.0015101
-0.0018955
-0.53468
0.84372
0.035071
-0.46595
0.11978
-0.6808
33.81
16.561
7.8198
0.26158
-0.67644
0.61661
0.30627
-0.0016536
-0.0015923
-0.0017992
-0.44083
0.98823
-0.004741
-0.46608
0.11975
-0.68092
33.908
16.422
7.818
0.1733
-0.702
0.65504
0.21927
-0.00071661
-0.0016914
-0.0017755
-0.29962
1.013
0.076856
-0.46619
0.11973
-0.68104
33.99
16.268
7.8253
0.11628
-0.72539
0.6661
0.1288
4.1902e-05
-0.0017492
-0.0017768
-0.1994
1.1874
-0.027348
-0.46628
0.11971
-0.68114
34.051
16.102
7.8351
0.079489
-0.71833
0.68405
0.098749
0.00031659
-0.001747
-0.0018022
-0.046258
1.2527
-0.1656
-0.46636
0.11971
-0.68126
34.1
15.902
7.8132
0.064868
-0.71746
0.68785
0.088872
0.00063775
-0.001781
-0.0018947
0.084525
1.2751
0.094176
-0.46642
0.1197
-0.68137
34.123
15.697
7.8038
0.054735
-0.73836
0.66825
0.072584
0.00048834
-0.0018097
-0.0020809
0.052123
1.1303
0.16551
-0.46646
0.11969
-0.68149
34.139
15.489
7.8317
0.035208
-0.7406
0.6689
0.053381
0.00032398
-0.0017196
-0.002314
-0.027742
1.2916
-0.12667
-0.46648
0.11967
-0.68162
34.164
15.287
7.8382
0.034269
-0.72355
0.68662
0.062071
0.00016664
-0.001563
-0.0025445
-0.045827
1.3955
-0.069682
-0.46648
0.11964
-0.68174
34.198
15.075
7.8145
0.032847
-0.70437
0.70246
0.09659
2.4786e-05
-0.0014232
-0.00278
0.0068155
1.3127
0.13409
-0.46647
0.1196
-0.68187
34.232
14.841
7.8204
0.038113
-0.72478
0.68512
0.062048
-3.9083e-05
-0.0012593
-0.0029144
0.047341
1.325
0.055382
-0.46644
0.11955
-0.682
34.258
14.613
7.8422
0.034695
-0.7092
0.70274
0.044524
-8.7643e-05
-0.00098146
-0.0029336
0.073456
1.4296
-0.10071
-0.46641
0.1195
-0.68211
34.278
14.397
7.8339
0.040071
-0.70524
0.70485
0.064988
-0.00022193
-0.00059863
-0.0029471
0.06894
1.3377
0.15959
-0.46637
0.11943
-0.68223
34.295
14.158
7.8344
0.055691
-0.7293
0.67829
0.070268
-0.00046906
-0.00031604
-0.0029458
-0.080435
1.2521
0.076237
-0.46633
0.11934
-0.68234
34.325
13.947
7.8585
0.071588
-0.74117
0.66318
0.075673
-0.00083598
-0.00012366
-0.0029619
-0.18297
1.3267
-0.15807
-0.46628
0.11924
-0.68246
34.377
13.732
7.8518
0.084284
-0.73316
0.67122
0.069528
-0.0012079
3.1558e-05
-0.0030315
-0.2698
1.3726
0.081761
-0.46622
0.11911
-0.68258
34.446
13.51
7.8399
0.085739
-0.72503
0.67857
0.080773
-0.0016131
0.000155
-0.0031536
-0.21938
1.3385
0.16032
-0.46615
0.11897
-0.68268
34.517
13.298
7.8644
0.10102
-0.73299
0.66708
0.086753
-0.0020829
0.00038896
-0.0033133
-0.15301
1.3172
-0.055516
-0.46607
0.1188
-0.68278
34.58
13.073
7.8746
0.10633
-0.72928
0.67106
0.080745
-0.0026492
0.00068025
-0.0034867
-0.054731
1.3507
-0.14355
-0.46598
0.11862
-0.68288
34.628
12.851
7.8516
0.12171
-0.74566
0.65028
0.079456
-0.0030748
0.00089213
-0.0036584
-0.13675
1.3036
0.16959
-0.4659
0.11843
-0.68295
34.668
12.642
7.8559
0.1471
-0.76046
0.62438
0.101
-0.0033301
0.0010372
-0.003847
-0.33376
1.2535
0.13954
-0.4658
0.11822
-0.68301
34.737
12.43
7.889
0.16246
-0.7513
0.62825
0.12023
-0.0034287
0.0012149
-0.0040334
-0.43348
1.2822
-0.044049
-0.4657
0.11802
-0.68307
34.823
12.239
7.8939
0.16928
-0.73341
0.6411
0.14985
-0.0033188
0.0014571
-0.0042251
-0.47104
1.2781
0.084627
-0.4656
0.11782
-0.68312
34.928
12.032
7.8942
0.1752
-0.74906
0.62343
0.13983
-0.0032878
0.0017022
-0.0043845
-0.47895
1.2316
0.075776
-0.46549
0.11763
-0.68318
35.037
11.831
7.9123
0.20132
-0.75632
0.60676
0.13887
-0.003335
0.0018703
-0.0045185
-0.54592
1.1493
-0.087631
-0.4654
0.11745
-0.68322
35.144
11.653
7.9115
0.22715
-0.72585
0.62317
0.18223
-0.0035372
0.0019307
-0.004633
-0.66847
1.1192
0.036821
-0.4653
0.11727
-0.68327
35.273
11.472
7.9024
0.2796
-0.70425
0.61552
0.21678
-0.0039549
0.0019834
-0.004676
-0.74342
0.87761
0.20728
-0.46521
0.11709
-0.68331
35.413
11.32
7.9309
0.32814
-0.69414
0.5855
0.26016
-0.0042815
0.0020404
-0.0047033
-0.93654
0.73059
-0.0097541
-0.46512
0.11692
-0.68335
35.566
11.208
7.9483
0.38568
-0.66829
0.55827
0.30492
-0.0043894
0.0020487
-0.0047837
-1.058
0.63808
-0.1183
-0.46503
0.11675
-0.6834
35.755
11.115
7.9318
0.40954
-0.64183
0.55719
0.33147
-0.0043752
0.0020375
-0.0049239
-1.0737
0.62548
0.042573
-0.46494
0.11658
-0.68345
35.939
11.038
7.9241
0.43644
-0.63503
0.54156
0.33609
-0.0041229
0.0020553
-0.0051155
-0.99964
0.58586
-0.00868
-0.46485
0.11642
-0.68351
36.128
10.96
7.9336
0.46677
-0.62903
0.51221
0.35225
-0.0038486
0.0021032
-0.0052825
-1.058
0.52205
-0.14237
-0.46475
0.11626
-0.68358
36.315
10.887
7.9164
0.48989
-0.59136
0.51195
0.38499
-0.0035652
0.0021956
-0.0054002
-1.0405
0.5019
-0.0328
-0.46467
0.11612
-0.68366
36.495
10.83
7.9005
0.52329
-0.55836
0.49658
0.40964
-0.0031371
0.0023047
-0.0054947
-1.0048
0.2504
0.20068
-0.46457
0.11598
-0.68376
36.675
10.787
7.9221
0.56735
-0.52715
0.46151
0.43271
-0.0034232
0.0023836
-0.0055347
-1.0923
-0.010598
-0.042951
-0.46448
0.11584
-0.68387
36.856
10.792
7.9395
0.59822
-0.4764
0.42997
0.4799
-0.0040218
0.0025053
-0.0055397
-1.1423
-0.12858
-0.15348
-0.46439
0.11569
-0.68399
37.035
10.828
7.9162
0.61267
-0.43368
0.42292
0.50764
-0.0040995
0.0026615
-0.0055452
-1.1268
-0.24626
0.059004
-0.4643
0.11553
-0.68414
37.222
10.886
7.9102
0.64475
-0.39596
0.39143
0.52373
-0.0040662
0.0027207
-0.0055181
-1.0556
-0.31769
0.05366
-0.46422
0.11537
-0.68429
37.39
10.953
7.9231
0.67514
-0.35696
0.35058
0.54209
-0.0039114
0.0026031
-0.0054053
-1.0079
-0.43113
-0.075935
-0.46415
0.11521
-0.68447
37.558
11.041
7.92
0.68654
-0.30371
0.31236
0.58211
-0.0041782
0.002259
-0.0051415
-0.95842
-0.48224
0.045664
-0.46408
0.11504
-0.68466
37.719
11.14
7.9099
0.71912
-0.25178
0.26091
0.59279
-0.0045409
0.0018353
-0.0048477
-0.71321
-0.66268
0.17482
-0.46401
0.11488
-0.68483
37.845
11.251
7.93
0.73285
-0.20548
0.21771
0.611
-0.0047025
0.0014063
-0.0044814
-0.62118
-0.84799
-0.095003
-0.46393
0.11471
-0.68501
37.94
11.396
7.9389
0.73792
-0.16218
0.17451
0.63144
-0.0049297
0.00092847
-0.0041102
-0.56096
-1.0422
-0.14692
-0.46385
0.11453
-0.68518
38.02
11.573
7.9105
0.73246
-0.1414
0.14422
0.65016
-0.0052195
0.00057537
-0.0038344
-0.45549
-1.1123
0.13872
-0.46377
0.11436
-0.68533
38.08
11.756
7.9102
0.73774
-0.11334
0.12347
0.65395
-0.00508
0.00044254
-0.0035801
-0.45123
-1.0726
0.074326
-0.46368
0.11417
-0.68546
38.13
11.949
7.9363
0.75204
-0.087966
0.10481
0.64475
-0.0048988
0.00042282
-0.0034107
-0.49519
-1.1326
-0.14517
-0.4636
0.114
-0.68556
38.182
12.134
7.9282
0.74241
-0.062572
0.081752
0.66199
-0.0043861
0.00049611
-0.0033201
-0.51195
-1.0265
0.028451
-0.46353
0.11382
-0.68566
38.245
12.33
7.9135
0.75614
-0.044261
0.053672
0.6507
-0.0040555
0.00062245
-0.0031934
-0.36977
-1.051
0.13423
-0.46347
0.11365
-0.68574
38.299
12.519
7.9291
0.76502
-0.031837
0.045061
0.64164
-0.003888
0.00069307
-0.0031228
-0.2967
-1.1442
-0.053973
-0.46343
0.11349
-0.68581
38.328
12.701
7.9397
0.76491
-0.024567
0.036846
0.64261
-0.0035055
0.0006787
-0.0032366
-0.27484
-1.2503
-0.14907
-0.4634
0.11332
-0.68588
38.349
12.907
7.9154
0.75737
-0.035309
0.030442
0.65132
-0.0031442
0.00075922
-0.0035193
-0.30004
-1.2653
0.064081
-0.46338
0.11316
-0.68595
38.368
13.128
7.9101
0.76353
-0.055514
0.046318
0.64172
-0.0028482
0.001028
-0.0038202
-0.40181
-1.2107
0.047792
-0.46337
0.113
-0.68602
38.4
13.327
7.924
0.76388
-0.073801
0.070592
0.63723
-0.0025179
0.0010283
-0.0041084
-0.43982
-1.2541
-0.14151
-0.46336
0.11285
-0.68611
38.444
13.54
7.9126
0.74792
-0.063235
0.06413
0.65765
-0.0021843
0.0010852
-0.0043244
-0.41093
-1.2354
0.024301
-0.46335
0.11271
-0.6862
38.486
13.75
7.8989
0.76705
-0.052907
0.0606
0.63652
-0.0018709
0.0012391
-0.0044463
-0.268
-1.1937
0.13977
-0.46335
0.11259
-0.68631
38.518
13.965
7.9186
0.78122
-0.031028
0.044793
0.62187
-0.0016138
0.0013701
-0.0044428
-0.15454
-1.2417
-0.093268
-0.46334
0.11248
-0.68644
38.523
14.178
7.925
0.77014
-0.01229
0.027481
0.63717
-0.0013231
0.0015166
-0.004401
-0.10625
-1.3291
-0.10911
-0.46333
0.11238
-0.68657
38.515
14.388
7.9015
0.76244
-0.0065008
0.015354
0.64684
-0.0010423
0.0016164
-0.0043787
-0.082916
-1.2214
0.16475
-0.46333
0.11231
-0.68673
38.502
14.607
7.9093
0.76647
-0.0029059
0.020701
0.64194
-0.00082996
0.0017745
-0.0043862
-0.12188
-1.1657
0.027786
-0.46333
0.11224
-0.6869
38.496
14.812
7.9266
0.7667
0.0025149
0.029235
0.64133
-0.00056313
0.00205
-0.004514
-0.097976
-1.2318
-0.13502
-0.46333
0.11219
-0.68707
38.488
15.001
7.9163
0.75692
0.02643
0.0005737
0.65298
-0.00028583
0.0022897
-0.0048009
-0.068671
-1.213
0.051047
-0.46334
0.11214
-0.68725
38.475
15.212
7.9046
0.7655
0.053619
-0.021582
0.64084
-3.6609e-05
0.0024267
-0.0051403
0.095721
-1.1476
0.11974
-0.46335
0.11211
-0.68742
38.448
15.402
7.9226
0.77515
0.085475
-0.042058
0.62456
0.00015951
0.0024465
-0.0054564
0.26394
-1.1824
-0.11632
-0.46337
0.11208
-0.68761
38.389
15.599
7.924
0.76232
0.13131
-0.074677
0.62932
0.00016839
0.0024301
-0.0056161
0.48562
-1.167
-0.10736
-0.46339
0.11205
-0.68779
38.296
15.793
7.8991
0.74155
0.16599
-0.11183
0.64035
1.9489e-05
0.0023984
-0.0056361
0.5805
-1.0219
0.088166
-0.46343
0.11202
-0.68796
38.186
15.958
7.9004
0.73418
0.21871
-0.13964
0.62742
-3.881e-05
0.0023196
-0.0056555
0.6003
-0.91597
0.0091878
-0.46348
0.11198
-0.68814
38.063
16.113
7.9105
0.72226
0.27617
-0.17488
0.6095
-0.00023761
0.0020783
-0.0055829
0.69958
-0.78136
-0.082734
-0.46355
0.11193
-0.68833
37.93
16.245
7.9014
0.69418
0.33291
-0.23158
0.59469
-0.00048314
0.0017918
-0.0054663
0.71388
-0.68067
0.045479
-0.46363
0.11187
-0.6885
37.802
16.348
7.896
0.68802
0.39701
-0.27323
0.54254
-0.00045427
0.0015371
-0.0053757
0.8946
-0.41469
0.0073218
-0.46373
0.1118
-0.68869
37.654
16.423
7.9045
0.65446
0.45909
-0.32061
0.50806
-0.00029358
0.0012979
-0.005302
1.0573
-0.30686
-0.1925
-0.46383
0.11172
-0.68886
37.484
16.461
7.8891
0.62139
0.48936
-0.36762
0.48914
0.00013223
0.001044
-0.0052307
1.2006
-0.19301
-0.068348
-0.46395
0.11163
-0.68905
37.286
16.476
7.8621
0.61584
0.50528
-0.3933
0.45907
0.0006066
0.0008269
-0.0051845
1.1384
-0.30361
0.071664
-0.46408
0.11155
-0.68922
37.079
16.493
7.8624
0.62105
0.51516
-0.38121
0.4512
0.0011745
0.00066014
-0.0052005
1.1942
-0.39389
0.00034281
-0.4642
0.11147
-0.68938
36.885
16.526
7.8721
0.61019
0.51733
-0.38784
0.45784
0.0018538
0.00054225
-0.0052511
1.278
-0.4642
-0.098742
-0.46434
0.1114
-0.68954
36.665
16.569
7.8559
0.60177
0.51699
-0.39258
0.46528
0.0025467
0.00055659
-0.0053334
1.2251
-0.46294
0.12255
-0.4645
0.11134
-0.68968
36.45
16.621
7.8641
0.61772
0.52571
-0.38867
0.43702
0.0030855
0.00061918
-0.0054107
1.2423
-0.35014
0.0070084
-0.46466
0.1113
-0.6898
36.245
16.662
7.8785
0.6153
0.53184
-0.39494
0.42729
0.003466
0.00055549
-0.0054076
1.3848
-0.33151
-0.18273
-0.46485
0.11127
-0.6899
36.017
16.687
7.8601
0.60701
0.49778
-0.42391
0.45173
0.0036117
0.00048178
-0.0053467
1.3674
-0.46454
0.064616
-0.46505
0.11125
-0.68997
35.791
16.721
7.8466
0.64724
0.45251
-0.37361
0.48654
0.0036884
0.00043434
-0.0052759
1.2913
-0.58623
0.093588
-0.4653
0.11123
-0.69002
35.564
16.778
7.8694
0.6603
0.43565
-0.34949
0.50207
0.0037198
0.00036714
-0.0051747
1.3537
-0.63234
-0.097821
-0.46557
0.11122
-0.69003
35.331
16.853
7.8708
0.64055
0.44545
-0.34157
0.52402
0.0036498
0.00031867
-0.0050475
1.37
-0.62862
-0.11477
-0.46586
0.1112
-0.69003
35.104
16.922
7.8506
0.62344
0.4797
-0.38389
0.48356
0.003396
0.00027527
-0.0048775
1.2805
-0.4603
0.15385
-0.46621
0.11119
-0.69001
34.859
16.989
7.8531
0.60893
0.49315
-0.3946
0.4799
0.002882
0.00013241
-0.0046685
1.3018
-0.32062
-0.02977
-0.4666
0.11118
-0.68997
34.634
17.024
7.8674
0.57896
0.50529
-0.42663
0.47695
0.0023931
-6.4478e-05
-0.0045039
1.3851
-0.32767
-0.14274
-0.467
0.11117
-0.68993
34.41
17.046
7.8476
0.58272
0.50053
-0.43921
0.46583
0.0018497
-0.0003068
-0.0043879
1.2809
-0.36988
-0.011027
-0.46747
0.11117
-0.68988
34.177
17.078
7.8344
0.6103
0.5031
-0.40754
0.45643
0.0014108
-0.00061556
-0.004276
1.3131
-0.37326
-0.054195
-0.46793
0.11118
-0.68983
33.97
17.112
7.8324
0.602
0.49653
-0.42239
0.46114
0.00092576
-0.00091414
-0.0040945
1.407
-0.30139
-0.17666
-0.46845
0.1112
-0.6898
33.736
17.137
7.811
0.58063
0.50689
-0.44576
0.45523
0.00021547
-0.0010801
-0.0038059
1.4752
-0.30243
-0.020601
-0.46898
0.11124
-0.68977
33.485
17.157
7.7882
0.56687
0.53746
-0.44433
0.4386
-0.00035394
-0.0011741
-0.0034646
1.3418
-0.11387
0.1515
-0.46948
0.11129
-0.68975
33.255
17.16
7.807
0.54581
0.55532
-0.45399
0.43313
-0.00080606
-0.0013118
-0.0030888
1.3715
-0.026995
-0.12277
-0.47
0.11134
-0.68974
33.026
17.139
7.8138
0.51998
0.5593
-0.4807
0.43097
-0.0010945
-0.0014878
-0.0027696
1.3895
0.010092
-0.13609
-0.47048
0.11141
-0.68975
32.791
17.111
7.7808
0.53063
0.54187
-0.4703
0.45124
-0.0011526
-0.0015896
-0.0025571
1.3354
-0.06739
0.12287
-0.4709
0.11149
-0.68977
32.576
17.087
7.7815
0.55107
0.53594
-0.46456
0.43964
-0.00109
-0.0014676
-0.0023997
1.3694
-0.12549
-0.060993
-0.4713
0.11159
-0.68981
32.345
17.076
7.7922
0.55529
0.53947
-0.4716
0.42216
-0.0010169
-0.0012013
-0.0022647
1.5098
-0.15986
-0.18309
-0.47164
0.11169
-0.68985
32.111
17.071
7.7646
0.53996
0.53878
-0.46966
0.4445
-0.00093165
-0.00084357
-0.0021171
1.4954
-0.15116
0.16759
-0.47195
0.11181
-0.68993
31.851
17.063
7.7604
0.53638
0.5503
-0.47935
0.4239
-0.00078152
-0.00036234
-0.0020008
1.6001
-0.16926
0.093829
-0.47222
0.11192
-0.69002
31.586
17.052
7.789
0.53409
0.52044
-0.49493
0.44602
-0.00065437
0.00028029
-0.00196
1.6322
-0.17913
-0.078098
-0.47244
0.11203
-0.69012
31.329
17.048
7.7852
0.54333
0.48908
-0.49729
0.46723
-0.00056745
0.0010588
-0.0020205
1.5716
-0.14567
0.13017
-0.47264
0.11213
-0.69024
31.057
17.04
7.7854
0.5602
0.48526
-0.49383
0.45478
-0.0005021
0.0017016
-0.0021917
1.5147
-0.17184
0.019937
-0.47282
0.11221
-0.69037
30.796
17.033
7.8055
0.55314
0.48491
-0.48719
0.47067
-0.00050267
0.0021659
-0.0024062
1.4942
-0.20788
-0.16659
-0.47296
0.11227
-0.6905
30.555
17.03
7.7914
0.53329
0.49801
-0.48838
0.47862
-0.00053511
0.0025292
-0.0026279
1.4844
-0.21048
0.029782
-0.47308
0.11232
-0.69064
30.297
17.033
7.7776
0.5257
0.52261
-0.47408
0.47515
-0.00050036
0.0027321
-0.0028299
1.3559
-0.09151
0.17407
-0.47318
0.11236
-0.69078
30.069
17.025
7.8008
0.5232
0.53216
-0.48095
0.46017
-0.0003405
0.0025632
-0.003025
1.3656
-0.020572
-0.028404
-0.47326
0.11238
-0.69093
29.837
17.004
7.8146
0.51386
0.52197
-0.48675
0.476
-0.00010308
0.0022108
-0.0031677
1.3341
0.016058
0.0098563
-0.47332
0.11239
-0.69108
29.611
16.974
7.808
0.53317
0.5138
-0.47495
0.47557
9.5291e-05
0.0018681
-0.0032373
1.2499
-0.035757
0.11213
-0.47336
0.1124
-0.69121
29.406
16.949
7.8209
0.56118
0.51392
-0.47267
0.44447
0.00017424
0.0016227
-0.003227
1.2993
-0.053741
-0.20943
-0.47339
0.1124
-0.69134
29.188
16.93
7.8143
0.5568
0.49632
-0.48227
0.45941
9.5491e-05
0.0014724
-0.0031475
1.377
-0.17239
-0.16584
-0.47341
0.11239
-0.69146
28.961
16.921
7.7754
0.55066
0.50345
-0.47157
0.47004
-4.6402e-05
0.0013715
-0.0030764
1.3551
-0.2252
0.13116
-0.47343
0.11238
-0.69156
28.738
16.923
7.7746
0.55359
0.51508
-0.46204
0.4634
-1.6048e-05
0.0013065
-0.0030641
1.2746
-0.15171
0.02471
-0.47346
0.11235
-0.69164
28.512
16.926
7.7944
0.55156
0.50854
-0.46887
0.46619
0.00013797
0.0011852
-0.0031169
1.2761
-0.12881
-0.13832
-0.47348
0.11233
-0.6917
28.295
16.921
7.7808
0.55326
0.49289
-0.46708
0.48249
0.00027284
0.0010516
-0.0031967
1.2729
-0.1112
0.056535
-0.47351
0.1123
-0.69173
28.093
16.911
7.7717
0.57954
0.4897
-0.45371
0.46741
0.00040061
0.00099257
-0.003278
1.2617
-0.19602
0.042635
-0.47354
0.11227
-0.69174
27.877
16.91
7.7865
0.59127
0.48569
-0.43914
0.47082
0.00048946
0.00096805
-0.0033467
1.3297
-0.2627
-0.17965
-0.47357
0.11225
-0.69173
27.668
16.92
7.7736
0.57789
0.47567
-0.44389
0.49269
0.00053747
0.00089229
-0.0033826
1.4015
-0.30499
0.0036523
-0.47361
0.11221
-0.69169
27.432
16.937
7.7538
0.57184
0.49543
-0.45362
0.47092
0.00047862
0.00078675
-0.0033441
1.4124
-0.22922
0.11757
-0.47364
0.11217
-0.69164
27.185
16.952
7.7723
0.56897
0.51492
-0.45296
0.45382
0.00040408
0.00064527
-0.0032964
1.4416
-0.14763
-0.10411
-0.47367
0.11214
-0.69158
26.952
16.952
7.7754
0.55371
0.51491
-0.47052
0.45484
0.00059314
0.00045464
-0.0033165
1.4876
-0.10708
-0.15876
-0.47369
0.11211
-0.69151
26.702
16.94
7.7472
0.55998
0.51171
-0.45466
0.46677
0.00088024
0.0003251
-0.0033948
1.427
-0.16881
0.097642
-0.4737
0.11209
-0.69144
26.457
16.927
7.7457
0.58046
0.50857
-0.43734
0.46169
0.0011343
0.00024543
-0.0034816
1.4037
-0.2166
-0.018427
-0.4737
0.11208
-0.69139
26.225
16.931
7.7565
0.5717
0.50781
-0.43239
0.47784
0.0013503
0.00016181
-0.0035632
1.4557
-0.28477
-0.11539
-0.47368
0.11209
-0.69135
25.982
16.94
7.7392
0.56165
0.50779
-0.43888
0.48383
0.0015041
8.6259e-05
-0.003682
1.4046
-0.1984
0.10824
-0.47365
0.11212
-0.69133
25.749
16.95
7.7389
0.56244
0.52498
-0.428
0.47421
0.0015648
4.8631e-05
-0.0038597
1.3442
-0.09201
0.070667
-0.47359
0.11218
-0.69134
25.513
16.943
7.7592
0.56607
0.51941
-0.44471
0.46044
0.0015512
8.9316e-05
-0.0040568
1.3139
-0.047593
-0.06481
-0.47352
0.11225
-0.69138
25.288
16.926
7.7542
0.55544
0.51011
-0.46434
0.46439
0.0015136
0.00019444
-0.0042208
1.2952
-0.019129
0.081073
-0.47344
0.11234
-0.69144
25.084
16.904
7.7531
0.58188
0.51151
-0.44129
0.4528
0.0014131
0.00037308
-0.0043265
1.2659
-0.11166
0.065023
-0.47333
0.11245
-0.69153
24.867
16.886
7.7696
0.58854
0.51055
-0.42962
0.45649
0.001201
0.00053373
-0.004351
1.3101
-0.15275
-0.10901
-0.47322
0.11257
-0.69164
24.65
16.882
7.7656
0.58292
0.49651
-0.43545
0.47336
0.0009415
0.00065323
-0.0043285
1.401
-0.17416
0.0049183
-0.47311
0.1127
-0.69176
24.431
16.881
7.7534
0.56748
0.50104
-0.44318
0.48012
0.00060676
0.00074576
-0.0042837
1.3722
-0.20052
0.16673
-0.47299
0.11284
-0.6919
24.191
16.88
7.7733
0.56559
0.51488
-0.45325
0.45779
0.00017504
0.00078226
-0.0042286
1.3697
-0.16437
-0.0085825
-0.47287
0.11298
-0.69205
23.954
16.881
7.7913
0.56304
0.50413
-0.46726
0.45881
-0.00016279
0.0008078
-0.0041698
1.2989
-0.1841
-0.10241
-0.47276
0.1131
-0.69218
23.737
16.881
7.7783
0.59138
0.49263
-0.44113
0.46151
-0.00026127
0.00088292
-0.0041018
1.2376
-0.22229
0.011726
-0.47263
0.11323
-0.69232
23.52
16.887
7.7682
0.60943
0.49673
-0.41987
0.45339
-0.00019846
0.0010502
-0.0040207
1.2468
-0.25092
-0.061229
-0.47251
0.11334
-0.69246
23.305
16.9
7.7673
0.59937
0.49387
-0.43008
0.4603
-0.00016077
0.0012303
-0.0039299
1.3604
-0.28787
-0.11539
-0.47238
0.11344
-0.69257
23.094
16.916
7.75
0.57603
0.49932
-0.43783
0.47663
-0.00018032
0.0013389
-0.0038646
1.3223
-0.25431
0.12438
-0.47225
0.11353
-0.69269
22.86
16.932
7.7509
0.55378
0.52962
-0.44657
0.46196
-0.00020572
0.0013286
-0.0038889
1.3284
-0.17144
0.10289
-0.47211
0.1136
-0.69279
22.645
16.937
7.7734
0.55468
0.53542
-0.45191
0.44882
-0.00023051
0.0012868
-0.0039965
1.3808
-0.15071
-0.10763
-0.47195
0.11367
-0.69288
22.412
16.935
7.7704
0.55223
0.52145
-0.45134
0.46843
-0.00028547
0.0012884
-0.0041252
1.3807
-0.11082
0.052228
-0.47178
0.11374
-0.69297
22.177
16.926
7.7621
0.571
0.51442
-0.43335
0.47068
-0.00032191
0.0012814
-0.00422
1.3172
-0.12957
0.11094
-0.47161
0.11379
-0.69304
21.962
16.917
7.7807
0.58346
0.51424
-0.416
0.47125
-0.0003418
0.0012379
-0.0042711
1.3231
-0.18047
-0.14166
-0.47142
0.11385
-0.69311
21.736
16.916
7.7772
0.58133
0.50207
-0.42108
0.48236
-0.00032644
0.001124
-0.0043131
1.3698
-0.19332
-0.030243
-0.47123
0.11391
-0.69317
21.505
16.92
7.7575
0.5789
0.50605
-0.42376
0.47877
-0.00032753
0.0009858
-0.0043603
1.3949
-0.096093
0.12
-0.47104
0.11398
-0.69323
21.278
16.915
7.7671
0.56648
0.53135
-0.42869
0.4615
-0.00041604
0.00089566
-0.0044006
1.3939
-0.0065125
-0.0024411
-0.47082
0.11406
-0.69329
21.041
16.89
7.7821
0.55511
0.52535
-0.44338
0.46827
-0.00047545
0.00088928
-0.0044249
1.3618
0.040073
-0.060927
-0.47062
0.11415
-0.69335
20.822
16.859
7.7717
0.56696
0.51496
-0.43763
0.47102
-0.00044347
0.00091938
-0.0044456
1.2889
0.042087
0.11581
-0.4704
0.11426
-0.6934
20.6
16.82
7.7766
0.57335
0.52229
-0.429
0.46309
-0.00037801
0.00091096
-0.0044623
1.242
-0.04216
0.0066619
-0.47018
0.11439
-0.69346
20.386
16.792
7.7927
0.57048
0.52122
-0.43302
0.46409
-0.00036835
0.00094108
-0.0044625
1.3183
-0.11583
-0.14686
-0.46996
0.11454
-0.69351
20.182
16.776
7.7758
0.56563
0.51162
-0.45211
0.4625
-0.00045872
0.0010279
-0.0044644
1.3888
-0.16863
0.072761
-0.46974
0.11472
-0.69356
19.952
16.772
7.7672
0.5746
0.51238
-0.4397
0.46256
-0.00065732
0.0010938
-0.0044477
1.351
-0.099872
0.12496
-0.46952
0.11494
-0.69361
19.72
16.766
7.7898
0.5726
0.51314
-0.44382
0.46026
-0.00081976
0.0010445
-0.0044192
1.4003
-0.049908
-0.090772
-0.46932
0.11516
-0.69366
19.499
16.749
7.793
0.56596
0.49961
-0.45598
0.47135
-0.00080839
0.00081215
-0.0043586
1.3628
0.0010478
-0.01178
-0.46911
0.11543
-0.69371
19.268
16.722
7.7785
0.58256
0.49871
-0.442
0.46535
-0.00061842
0.00043245
-0.004202
1.2809
-0.071925
0.13107
-0.46892
0.11571
-0.69376
19.056
16.702
7.7923
0.58648
0.50458
-0.44113
0.45481
-0.00034161
5.2075e-05
-0.003919
1.2974
-0.17647
-0.083282
-0.46873
0.11603
-0.69382
18.836
16.696
7.7982
0.57857
0.49074
-0.44987
0.47121
-0.00012588
-0.00022347
-0.0035955
1.3518
-0.2447
-0.036314
-0.46856
0.11638
-0.69388
18.608
16.703
7.7819
0.57703
0.49058
-0.44932
0.47379
-8.6686e-06
-0.00037884
-0.0033165
1.335
-0.24417
0.15952
-0.46841
0.11671
-0.69395
18.388
16.715
7.7943
0.57217
0.50974
-0.44312
0.46521
-4.2178e-05
-0.00044404
-0.0030181
1.3265
-0.15343
0.047191
-0.46828
0.11708
-0.69403
18.159
16.716
7.8177
0.55881
0.50776
-0.45281
0.4742
-0.00013328
-0.00055348
-0.0027149
1.3432
-0.18933
-0.074826
-0.46818
0.11744
-0.69413
17.931
16.714
7.81
0.5764
0.47627
-0.4449
0.49294
-0.00023527
-0.00068329
-0.0024065
1.2921
-0.25624
0.13983
-0.4681
0.11778
-0.69424
17.717
16.726
7.8166
0.58842
0.47754
-0.43285
0.48822
-0.0003308
-0.00071569
-0.0020396
1.1789
-0.26637
0.0081233
-0.46803
0.11813
-0.69437
17.506
16.74
7.8361
0.59506
0.4745
-0.40829
0.50403
-0.00051077
-0.0006182
-0.0016922
1.2187
-0.34987
-0.19576
-0.46799
0.11846
-0.6945
17.311
16.761
7.8188
0.59003
0.45921
-0.40839
0.52365
-0.00089974
-0.00045772
-0.0013633
1.2581
-0.34214
-0.043402
-0.46797
0.1188
-0.69465
17.095
16.794
7.7947
0.59309
0.47252
-0.40144
0.51363
-0.0015017
-0.000262
-0.0010749
1.1745
-0.30691
0.10584
-0.46797
0.11913
-0.6948
16.881
16.821
7.8048
0.60191
0.46927
-0.40171
0.50609
-0.0020135
-0.00012577
-0.00086882
1.1536
-0.35609
-0.031281
-0.468
0.11943
-0.69495
16.689
16.848
7.8128
0.62101
0.40977
-0.3858
0.54552
-0.0022602
-9.754e-05
-0.0008151
0.99292
-0.49284
-0.020806
-0.46805
0.11973
-0.6951
16.502
16.898
7.8021
0.66497
0.34793
-0.33791
0.56796
-0.0023145
-0.0001241
-0.00091371
0.81398
-0.53479
0.11997
-0.46813
0.12001
-0.69524
16.351
16.959
7.8107
0.69759
0.30401
-0.29963
0.57548
-0.0023232
-0.00020002
-0.0010887
0.71655
-0.70842
-0.049264
-0.46823
0.12029
-0.69538
16.21
17.044
7.8195
0.71714
0.2527
-0.25412
0.59772
-0.001678
-0.00035541
-0.0013714
0.65773
-0.89885
-0.18944
-0.46836
0.12058
-0.69551
16.081
17.161
7.7948
0.72416
0.21228
-0.22863
0.61502
-0.0011566
-0.00048286
-0.001668
0.63243
-0.99872
0.016954
-0.4685
0.12084
-0.69561
15.963
17.296
7.7795
0.74139
0.17401
-0.18015
0.62258
-0.000902
-0.00053633
-0.0019538
0.53182
-0.97764
0.1107
-0.46866
0.12112
-0.69571
15.848
17.448
7.7979
0.74881
0.14681
-0.15541
0.62736
-0.0007411
-0.00053567
-0.0021595
0.53376
-1.0125
-0.05971
-0.46884
0.12137
-0.69578
15.744
17.591
7.803
0.74237
0.12192
-0.11843
0.64807
-0.00055664
-0.00050672
-0.0022797
0.53341
-1.0205
-0.041019
-0.46905
0.12162
-0.69584
15.632
17.749
7.7903
0.75079
0.094576
-0.083454
0.64838
-0.00040746
-0.00046342
-0.0023075
0.42315
-1.0163
0.0831
-0.46925
0.12185
-0.69589
15.533
17.9
7.7967
0.7673
0.078852
-0.079014
0.6315
-0.00028876
-0.00039392
-0.0022988
0.32171
-1.1123
-0.076548
-0.46949
0.12207
-0.69592
15.449
18.071
7.8001
0.76212
0.067489
-0.063725
0.64074
-0.00014071
-0.00034464
-0.0022829
0.23305
-1.267
-0.12137
-0.46974
0.12229
-0.69595
15.376
18.264
7.7778
0.76108
0.060394
-0.062398
0.64282
-7.6155e-05
-0.00031978
-0.0022454
0.19328
-1.2889
0.2049
-0.46999
0.12248
-0.69595
15.316
18.465
7.7818
0.75753
0.068081
-0.068456
0.64562
-0.00011992
-0.00031867
-0.0022194
0.19797
-1.268
0.16114
-0.47025
0.12267
-0.69595
15.255
18.676
7.8195
0.75661
0.062082
-0.07215
0.6469
-0.00016089
-0.00034381
-0.0022744
0.19479
-1.2776
-0.07946
-0.4705
0.12286
-0.69594
15.193
18.885
7.824
0.75134
0.042988
-0.060595
0.65572
-0.00028227
-0.00028628
-0.0023819
0.14554
-1.2555
-0.012131
-0.47074
0.12303
-0.69593
15.139
19.081
7.8122
0.76706
0.021265
-0.045913
0.63958
-0.00053368
-0.00011013
-0.0025248
0.030536
-1.1988
0.076809
-0.471
0.12321
-0.69591
15.099
19.286
7.8206
0.77737
0.0085205
-0.0357
0.62797
-0.00080549
1.6643e-05
-0.0026452
-0.036262
-1.2279
-0.11065
-0.47123
0.12336
-0.69589
15.076
19.478
7.8178
0.77153
0.0028153
-0.02717
0.63561
-0.0010864
4.4653e-06
-0.0026952
-0.09927
-1.2834
-0.050411
-0.47147
0.12353
-0.69589
15.059
19.691
7.7994
0.76777
0.0085018
-0.035026
0.63971
-0.001375
-0.00014924
-0.0026789
-0.06964
-1.2456
0.15917
-0.47167
0.12369
-0.69589
15.046
19.908
7.8098
0.77043
0.017658
-0.042695
0.63584
-0.001597
-0.00029175
-0.002636
-0.016137
-1.2065
0.070375
-0.47184
0.12384
-0.6959
15.027
20.103
7.8323
0.76706
0.018297
-0.032547
0.64049
-0.0017393
-0.00034534
-0.0026164
0.0055412
-1.2008
-0.077507
-0.47198
0.12402
-0.69592
15
20.305
7.8284
0.75996
0.0067439
-0.020584
0.64961
-0.0018111
-0.00032077
-0.0026661
-0.0020086
-1.2017
0.051865
-0.47211
0.12419
-0.69594
14.972
20.506
7.8236
0.76804
-0.010457
-0.014982
0.64014
-0.0018578
-0.00025768
-0.0027588
-0.038266
-1.1325
0.092038
-0.47221
0.12435
-0.69597
14.952
20.691
7.839
0.77188
-0.011906
-0.0093119
0.63558
-0.001945
-0.00018112
-0.002854
-0.10308
-1.1292
-0.072993
-0.47231
0.12452
-0.69601
14.941
20.882
7.8421
0.76419
-0.0073687
-0.007033
0.64492
-0.0020361
-7.1535e-05
-0.002915
-0.16093
-1.219
-0.076727
-0.47239
0.12465
-0.69606
14.937
21.071
7.8251
0.76423
-3.9629e-05
-0.012587
0.64483
-0.0020783
4.3825e-05
-0.0029343
-0.15261
-1.2079
0.1152
-0.47248
0.12478
-0.69613
14.938
21.279
7.8305
0.77123
0.010317
-0.0161
0.63627
-0.0020305
0.0001324
-0.0028965
-0.08921
-1.1988
0.054159
-0.47256
0.12489
-0.69619
14.931
21.488
7.8486
0.76515
0.017186
-0.024992
0.64314
-0.0019436
0.00027629
-0.0028234
-0.061998
-1.209
-0.092953
-0.47264
0.12498
-0.69625
14.917
21.679
7.844
0.7524
0.0097739
-0.011465
0.65854
-0.0018499
0.00048722
-0.0027252
-0.067343
-1.195
0.063279
-0.47274
0.12505
-0.69631
14.901
21.883
7.8381
0.76123
0.00034173
-0.010093
0.6484
-0.001753
0.00068708
-0.0026113
-0.12929
-1.1591
0.10191
-0.47285
0.12512
-0.69637
14.891
22.082
7.8574
0.76577
-0.0050791
-0.0045523
0.64307
-0.0016421
0.0008433
-0.0024899
-0.17289
-1.184
-0.12828
-0.47298
0.12516
-0.69642
14.891
22.27
7.8556
0.75605
-0.0094792
0.0018156
0.65445
-0.0014946
0.00094687
-0.002352
-0.2109
-1.2306
-0.10166
-0.47313
0.12521
-0.69647
14.897
22.48
7.8317
0.76233
-0.0053279
0.0076164
0.64712
-0.0014161
0.001045
-0.0022478
-0.18606
-1.1875
0.056034
-0.47328
0.12525
-0.69651
14.903
22.678
7.8312
0.77517
-0.0089011
0.004019
0.63168
-0.0014725
0.0012145
-0.0021781
-0.15605
-1.1917
-0.013538
-0.47346
0.12529
-0.69654
14.906
22.883
7.8363
0.76518
-0.026418
-0.00050748
0.64327
-0.001648
0.0014671
-0.0021405
-0.13119
-1.1727
-0.13427
-0.47365
0.12532
-0.69657
14.906
23.084
7.8202
0.77046
-0.057069
0.015873
0.63473
-0.0019132
0.0017754
-0.0021437
-0.18636
-1.1793
0.046129
-0.47386
0.12534
-0.69659
14.905
23.273
7.8106
0.77744
-0.087244
0.027704
0.62226
-0.0022164
0.0021239
-0.0022048
-0.26896
-1.1136
0.086249
-0.4741
0.12536
-0.6966
14.918
23.47
7.8266
0.7708
-0.10141
0.048728
0.62706
-0.0024773
0.0024596
-0.0023247
-0.34076
-1.1043
-0.078745
-0.47436
0.12538
-0.69661
14.944
23.661
7.8256
0.75441
-0.10397
0.066563
0.64469
-0.0027122
0.0027789
-0.0024563
-0.38146
-1.1345
0.013123
-0.47463
0.1254
-0.69661
14.978
23.844
7.818
0.76087
-0.11116
0.066822
0.63581
-0.0029933
0.003112
-0.0025864
-0.34249
-1.1193
0.13217
-0.47493
0.12543
-0.69661
15.017
24.043
7.8332
0.76355
-0.11265
0.066262
0.63239
-0.0032295
0.0033878
-0.0026915
-0.27869
-1.1175
0.085094
-0.47524
0.12545
-0.69659
15.043
24.228
7.8514
0.74663
-0.10683
0.06119
0.65374
-0.0033829
0.0036078
-0.0027673
-0.18294
-1.126
0.032085
-0.4756
0.12547
-0.69658
15.057
24.418
7.8608
0.73685
-0.10395
0.060628
0.66526
-0.0034239
0.0036968
-0.0028214
-0.08623
-1.1126
0.10969
-0.47598
0.12549
-0.69655
15.055
24.611
7.871
0.7381
-0.084766
0.04808
0.66761
-0.0033495
0.0035928
-0.0029058
-0.043983
-1.038
0.13042
-0.47635
0.12553
-0.69651
15.042
24.783
7.8932
0.73101
-0.052763
0.027324
0.67977
-0.0032192
0.0032057
-0.0030219
-0.067664
-1.0515
0.11972
-0.47672
0.12558
-0.69648
15.027
24.961
7.9121
0.70139
-0.017691
0.0027827
0.71256
-0.0031273
0.0025356
-0.0031021
-0.0020986
-1.0631
0.19384
-0.47707
0.12563
-0.69644
15.013
25.14
7.9361
0.68346
0.039173
-0.054151
0.72692
-0.0030675
0.0019504
-0.0031162
0.19441
-1.0152
0.2055
-0.47737
0.1257
-0.69641
14.977
25.305
7.9709
0.68837
0.094466
-0.11588
0.70979
-0.0029985
0.0014986
-0.0030763
0.40896
-0.89667
-0.0092885
-0.47768
0.12576
-0.69637
14.905
25.466
7.9879
0.69127
0.14893
-0.17861
0.68415
-0.0028617
0.0012027
-0.0029815
0.53018
-0.82406
-0.15585
-0.47797
0.12583
-0.69633
14.81
25.598
7.972
0.68703
0.19889
-0.23158
0.65939
-0.0027069
0.00098082
-0.0028005
0.58163
-0.77784
-0.078564
-0.47828
0.12592
-0.69629
14.694
25.725
7.9483
0.6855
0.23829
-0.2563
0.63845
-0.0026931
0.00083649
-0.0025901
0.55335
-0.69781
0.021517
-0.47859
0.12603
-0.69624
14.579
25.84
7.9461
0.67946
0.28175
-0.28471
0.61473
-0.0027611
0.00071029
-0.0024747
0.6206
-0.6514
-0.081405
-0.47886
0.12614
-0.69619
14.469
25.936
7.9423
0.66156
0.32316
-0.31745
0.59761
-0.0029441
0.0005325
-0.002497
0.6506
-0.66611
-0.10845
-0.47914
0.12627
-0.69615
14.344
26.035
7.9243
0.6438
0.36484
-0.36652
0.56399
-0.0033397
0.00032037
-0.0026172
0.72297
-0.59177
0.018524
-0.47941
0.1264
-0.69611
14.212
26.131
7.9151
0.62644
0.41127
-0.40141
0.5266
-0.0036786
4.0454e-05
-0.0028205
0.82313
-0.36941
0.044155
-0.47963
0.12653
-0.69609
14.073
26.195
7.9233
0.60521
0.45875
-0.43996
0.47928
-0.0039006
-0.00030969
-0.0030486
0.87289
-0.20672
-0.10772
-0.47985
0.12665
-0.69606
13.918
26.223
7.9177
0.58041
0.48484
-0.46418
0.46108
-0.00403
-0.00060925
-0.003218
0.92295
-0.14206
-0.11797
-0.48004
0.12676
-0.69604
13.77
26.233
7.8968
0.57393
0.49991
-0.46756
0.44954
-0.0040544
-0.00088711
-0.0033479
0.91955
-0.12931
0.027091
-0.48023
0.12687
-0.69601
13.609
26.234
7.8887
0.57234
0.51423
-0.46525
0.43766
-0.0040732
-0.0011243
-0.0034138
0.86802
-0.18177
0.02307
-0.48041
0.12696
-0.69597
13.453
26.24
7.8962
0.57114
0.52164
-0.47511
0.41948
-0.0040012
-0.001313
-0.0034402
0.90933
-0.19194
-0.10775
-0.48056
0.12703
-0.69592
13.308
26.252
7.8891
0.56001
0.52694
-0.49236
0.40781
-0.0037528
-0.0014814
-0.0034449
0.94045
-0.23984
-0.07452
-0.4807
0.1271
-0.69585
13.143
26.268
7.8692
0.55647
0.54822
-0.49663
0.37837
-0.003409
-0.0015827
-0.0034229
0.89605
-0.12348
0.065791
-0.48082
0.12716
-0.69577
12.98
26.279
7.8679
0.55578
0.57325
-0.49262
0.34615
-0.0031043
-0.0016466
-0.003374
0.80947
0.034073
-0.039249
-0.48089
0.12721
-0.69568
12.841
26.267
7.8719
0.53743
0.61222
-0.47784
0.32865
-0.0028501
-0.0016553
-0.0032696
0.79422
0.12529
-0.17167
-0.48093
0.12726
-0.69558
12.706
26.23
7.8503
0.53343
0.62073
-0.47183
0.32791
-0.0026581
-0.0015321
-0.0031686
0.8515
0.15587
-0.1003
-0.48093
0.1273
-0.6955
12.577
26.189
7.8258
0.53878
0.62519
-0.45709
0.33153
-0.0024033
-0.0013283
-0.0031395
0.83834
0.10604
0.033557
-0.48091
0.12734
-0.69543
12.437
26.145
7.8223
0.55248
0.62381
-0.43971
0.33509
-0.0019749
-0.0010183
-0.0032082
0.80033
0.017598
-0.0042889
-0.48087
0.12738
-0.69538
12.3
26.116
7.8263
0.5611
0.62343
-0.42865
0.33579
-0.0016209
-0.00066341
-0.0032632
0.7898
-0.016873
-0.080388
-0.48083
0.12742
-0.69534
12.175
26.099
7.8193
0.55814
0.62521
-0.43619
0.32761
-0.0014137
-0.00027296
-0.0032599
0.84895
-0.11315
-0.068127
-0.48077
0.12745
-0.6953
12.035
26.09
7.8028
0.55565
0.62465
-0.43825
0.33014
-0.0012071
9.3197e-05
-0.0032734
0.85009
-0.12447
0.080895
-0.48071
0.12749
-0.69526
11.888
26.093
7.8036
0.55752
0.63638
-0.42313
0.32429
-0.0010665
0.00042159
-0.0032669
0.73338
-0.07815
0.045705
-0.48065
0.12751
-0.69523
11.759
26.092
7.8166
0.57319
0.64489
-0.38236
0.33073
-0.00097266
0.00087123
-0.0032349
0.69403
-0.059468
-0.066269
-0.48058
0.12753
-0.6952
11.638
26.087
7.8134
0.58422
0.63703
-0.37035
0.34017
-0.0009387
0.0013376
-0.0031883
0.76723
-0.016785
-0.065982
-0.48053
0.12753
-0.69517
11.523
26.08
7.8021
0.5989
0.61939
-0.36606
0.35167
-0.00093063
0.0017483
-0.0031642
0.73581
0.013967
0.03021
-0.4805
0.12751
-0.69515
11.398
26.062
7.7983
0.62764
0.60643
-0.34097
0.34935
-0.00079972
0.002008
-0.0032695
0.56646
-0.082045
0.082866
-0.48049
0.12749
-0.69513
11.283
26.052
7.8071
0.66765
0.58716
-0.2882
0.35556
-0.00064856
0.0020931
-0.0034045
0.39501
-0.20201
0.0067229
-0.48048
0.12748
-0.69512
11.206
26.068
7.8149
0.7061
0.58118
-0.22567
0.33575
-0.00056393
0.0021037
-0.0034892
0.41401
-0.28086
-0.078062
-0.48048
0.12747
-0.69513
11.131
26.102
7.8043
0.71807
0.58129
-0.21369
0.3175
-0.00049534
0.0021287
-0.0035349
0.46904
-0.31627
-0.075254
-0.48048
0.12746
-0.69513
11.055
26.141
7.7903
0.71855
0.57936
-0.26611
0.27786
-0.00044584
0.0021377
-0.0035665
0.47906
-0.25083
0.00013958
-0.48048
0.12746
-0.69513
10.967
26.184
7.7796
-0.6812
-0.61254
0.36042
0.17567
-0.00043186
0.0021276
-0.0035831
0.32864
-0.028809
-0.15337
-0.48048
0.12746
-0.69513
10.878
26.192
7.734
-0.70711
-0.58045
0.38455
0.12323
-0.00043186
0.0021276
-0.0035831
0.37098
0.041668
-0.2839
-0.48048
0.12746
-0.69513
10.825
26.185
7.694
0.72455
0.55886
-0.36619
0.16911
-0.00043186
0.0021276
-0.0035831
0.35255
0.02392
-0.13642
-0.48048
0.12746
-0.69513
10.778
26.178
7.6829
